0 1 3931081
0 3 3931081
3 1 3903238
3 0 3903238
3 5 3903238
1 6 3899360
3 1 3785648
3 0 3785648
3 5 3785648
0 1 3782608
0 3 3782608
0 1 3781456
0 3 3781456
0 1 3775602
0 3 3775602
1 7 3758366
7 1 3758364
1 7 3758361
7 1 3650911
7 1 3650587
7 1 3650387
7 1 3650381
1 7 3637311
1 7 3636806
1 7 3636655
1 7 3634097
1 7 3633964
1 7 3633377
1 7 3629896
1 7 3629889
8 9 3627075
10 6 3627031
10 12 3627031
12 10 3626928
6 9 3626775
1 7 3626301
8 6 3626177
9 12 3616939
9 6 3616877
8 14 3616322
8 9 3616322
1 7 3616024
0 3 3615937
1 7 3615877
18 6 3615707
18 8 3615707
18 19 3615707
18 14 3615707
1 7 3615652
6 17 3615622
6 12 3615622
1 7 3615618
18 9 3613711
19 8 3612495
1 7 3612366
1 7 3612095
1 7 3612081
1 7 3609915
17 8 3609654
8 17 3609613
12 8 3609589
12 10 3609589
12 17 3609589
19 17 3592448
6 17 3591968
19 9 3591657
1 7 3589478
1 7 3589290
1 20 3589270
1 7 3588748
1 7 3588290
12 9 3588141
9 12 3588125
7 1 3588042
1 7 3588036
1 21 3588032
1 7 3585770
0 3 3584799
1 21 3584593
1 7 3584505
1 21 3582033
17 8 3581925
8 17 3581925
10 8 3578921
10 12 3578921
1 7 3578859
6 14 3568761
6 8 3568761
6 10 3568654
1 7 3568283
12 10 3568003
6 17 3567487
1 21 3567263
1 21 3567226
19 9 3567090
17 8 3564919
1 7 3564877
1 21 3564717
6 17 3564586
19 9 3564200
20 9 3562281
19 9 3561589
1 7 3561291
1 21 3561046
1 21 3561035
1 7 3560798
6 10 3560777
1 21 3560441
1 7 3560407
1 21 3560374
19 9 3560174
6 10 3558155
19 9 3557063
19 9 3554709
1 7 3554529
14 6 3554448
8 9 3553620
14 6 3553515
14 8 3553515
14 10 3553515
14 17 3553515
8 17 3544136
8 17 3544115
17 8 3544112
8 14 3544101
8 17 3544101
6 8 3544027
6 14 3544027
8 20 3543991
8 17 3543991
6 14 3543857
17 18 3543394
6 18 3543371
6 17 3543371
17 8 3543329
17 14 3543329
17 12 3543329
26 30 3541292
26 31 3541292
26 28 3541292
26 27 3541292
18 32 3541048
19 14 3540941
19 9 3540941
19 9 3540842
10 17 3540839
32 18 3540605
0 3 3540069
9 19 3539878
1 7 3539725
1 7 3537393
1 7 3537367
17 10 3537288
1 7 3534094
1 7 3534075
17 8 3533957
8 17 3533947
8 17 3533938
17 8 3533876
19 9 3533831
8 17 3533829
8 17 3533586
17 8 3533556
8 17 3533092
8 17 3532863
8 17 3532861
8 17 3530554
35 36 3530300
8 17 3529827
12 9 3529621
6 10 3529487
0 3 3529286
19 8 3520256
19 17 3520256
19 9 3520231
9 20 3519835
9 20 3519179
9 19 3518987
19 14 3518976
19 9 3518976
19 10 3518976
19 9 3518673
8 17 3516701
0 3 3516265
20 8 3515306
1 21 3512652
6 14 3512443
8 20 3512418
20 8 3512211
20 8 3512202
8 20 3512109
8 17 3509575
35 21 3509377
6 12 3509246
35 21 3508956
17 6 3495873
20 19 3495750
20 9 3495750
20 18 3495750
8 17 3495734
17 8 3495233
8 17 3495220
35 21 3495159
8 17 3495094
19 9 3494964
19 9 3494768
9 19 3494718
18 9 3492687
7 41 3492485
9 18 3492417
9 20 3492417
9 19 3492417
17 6 3492350
6 17 3492340
17 8 3492103
17 8 3492101
9 19 3491951
17 8 3491928
12 44 3491320
8 17 3489097
8 17 3489089
45 32 3488950
9 19 3488847
19 9 3488844
17 20 3488701
10 14 3488681
1 21 3488544
19 14 3488089
26 27 3487952
19 9 3485561
20 9 3485290
20 9 3485226
20 9 3485170
9 20 3485092
8 17 3485021
20 9 3484933
8 17 3484462
26 27 3484186
12 8 3482038
0 3 3481974
9 20 3481811
20 9 3481705
12 10 3480946
19 9 3471781
20 8 3471237
20 17 3471237
19 9 3471122
19 9 3468444
19 9 3468424
20 8 3468039
20 17 3468039
12 8 3467801
41 7 3467787
10 8 3467753
10 17 3467753
10 12 3467753
8 20 3467461
20 8 3467433
20 8 3467223
30 31 3467183
30 36 3467183
30 27 3467183
30 59 3467183
20 12 3467001
61 40 3465606
61 35 3465606
61 83 3465606
61 21 3465606
61 78 3465606
61 79 3465606
61 80 3465606
61 75 3465606
61 85 3465606
61 26 3465606
61 31 3465606
61 86 3465606
61 87 3465606
61 36 3465606
61 58 3465606
61 44 3465606
61 76 3465606
61 30 3465606
61 74 3465606
61 28 3465606
61 50 3465606
61 62 3465606
61 63 3465606
61 64 3465606
61 65 3465606
61 27 3465606
61 68 3465606
61 54 3465606
61 70 3465606
61 41 3465606
61 59 3465606
61 51 3465606
61 72 3465606
61 73 3465606
61 71 3465606
61 83 3465030
61 40 3465030
61 35 3465030
61 30 3465030
61 21 3465030
61 78 3465030
61 79 3465030
61 80 3465030
61 31 3465030
61 85 3465030
61 26 3465030
61 86 3465030
61 87 3465030
61 36 3465030
61 58 3465030
61 75 3465030
61 44 3465030
61 76 3465030
61 74 3465030
61 68 3465030
61 50 3465030
61 62 3465030
61 63 3465030
61 64 3465030
61 65 3465030
61 27 3465030
61 28 3465030
61 70 3465030
61 71 3465030
61 41 3465030
61 59 3465030
61 51 3465030
61 72 3465030
61 73 3465030
61 54 3465030
90 74 3464792
90 86 3464792
90 72 3464792
90 65 3464792
61 27 3464781
61 26 3464781
61 36 3464781
26 27 3464658
89 27 3464612
89 26 3464605
61 27 3464205
61 26 3464205
61 36 3464205
94 36 3464202
19 9 3464075
40 95 3464039
40 79 3464039
40 83 3464039
40 95 3463949
3 0 3463809
61 27 3462252
61 85 3462252
61 44 3462252
61 36 3462252
61 26 3462252
61 28 3462252
61 30 3462252
61 71 3462252
61 73 3462252
26 70 3461877
26 71 3461877
26 73 3461877
26 27 3461713
26 28 3461713
26 30 3461713
26 61 3461713
26 31 3461713
61 85 3461676
61 44 3461676
61 36 3461676
61 26 3461676
61 73 3461676
61 30 3461676
61 71 3461676
61 28 3461676
61 27 3461676
61 70 3461651
61 73 3461651
61 26 3461651
61 36 3461651
61 44 3461651
0 98 3461407
0 89 3461407
0 26 3461407
0 30 3461407
0 71 3461407
0 27 3461407
0 28 3461407
1 7 3461389
8 17 3461304
94 70 3461283
94 5 3461283
30 44 3460780
0 26 3460729
0 3 3460729
0 87 3460729
26 89 3460601
89 26 3460598
6 12 3460585
36 94 3460507
19 9 3460340
20 17 3460280
20 12 3460280
14 17 3460259
14 8 3460259
0 27 3460230
0 28 3460230
0 71 3460230
0 98 3460230
0 30 3460230
0 26 3460230
0 89 3460230
1 21 3460137
30 44 3460096
71 70 3457935
71 26 3457935
71 58 3457935
71 44 3457935
19 9 3457518
61 73 3457250
61 36 3457250
36 80 3457118
36 54 3457118
36 80 3456939
36 54 3456939
36 54 3456935
36 80 3456935
68 30 3456867
8 14 3456828
14 8 3456826
8 14 3456789
19 9 3456550
26 73 3451228
71 70 3450612
71 26 3450612
71 58 3450612
71 44 3450612
61 36 3447752
1 7 3447510
36 96 3447296
26 89 3447173
26 73 3447173
96 36 3447131
36 96 3447094
96 36 3447092
36 61 3447090
1 7 3446284
26 28 3444607
26 30 3444607
26 27 3444607
26 62 3444607
19 9 3444116
6 14 3444111
6 17 3444111
0 26 3444003
0 87 3444003
0 3 3444003
36 61 3443922
100 76 3443918
100 28 3443918
61 36 3443916
36 61 3443913
1 7 3443908
26 27 3443777
30 70 3443667
1 21 3443663
61 36 3443483
0 30 3443446
0 89 3443446
0 26 3443446
0 28 3443446
0 98 3443446
0 71 3443446
0 27 3443446
62 64 3443324
68 62 3443307
68 76 3443307
28 26 3443173
76 28 3443133
26 100 3443116
28 76 3443111
26 30 3443012
36 26 3442818
26 28 3440640
26 36 3440490
26 28 3440484
90 65 3440369
90 72 3440369
90 74 3440369
90 86 3440369
26 27 3440362
26 28 3440362
26 31 3440362
26 28 3440351
91 96 3440235
30 59 3440215
30 59 3440212
0 26 3440027
0 87 3440027
0 3 3440027
10 12 3440025
14 8 3439868
14 17 3439868
61 89 3439739
61 30 3439739
26 28 3439587
0 27 3439585
0 28 3439585
0 71 3439585
0 98 3439585
0 30 3439585
0 26 3439585
0 89 3439585
36 61 3439550
1 21 3439445
9 19 3439445
70 71 3437406
70 44 3437406
14 10 3437245
14 12 3437245
8 17 3437164
78 85 3437133
3 0 3437107
26 98 3437048
0 26 3437020
0 87 3437020
0 3 3437020
0 3 3436492
35 62 3436338
95 83 3436143
26 89 3436122
30 36 3435868
65 74 3434721
65 74 3434145
26 30 3433656
26 30 3433649
8 12 3433645
30 27 3433559
30 28 3433559
30 98 3433559
30 36 3433559
58 3 3433467
96 36 3433088
36 96 3432936
40 79 3432874
62 64 3432782
96 36 3432747
30 36 3432693
26 36 3430881
26 73 3430881
0 87 3423828
0 3 3423828
0 26 3423828
19 9 3423201
19 9 3422430
8 12 3422282
12 10 3422281
12 17 3422281
12 8 3422281
0 26 3420402
0 87 3420402
0 3 3420402
30 73 3418699
10 14 3415749
10 17 3415749
10 12 3415749
62 64 3415434
0 3 3415411
0 71 3413420
0 26 3413420
0 87 3413420
0 3 3413420
0 44 3413420
104 70 3413077
104 73 3413077
104 105 3413077
104 106 3413077
104 61 3413077
104 18 3413077
104 108 3413077
10 14 3412247
10 17 3412247
10 12 3412247
17 8 3412200
8 17 3412188
36 73 3410163
36 26 3410163
26 73 3409726
26 36 3409726
26 73 3409701
26 36 3409701
12 10 3408634
26 30 3405044
30 26 3405020
26 27 3401921
26 28 3401921
26 98 3401921
26 30 3401921
26 31 3401921
0 87 3399727
0 3 3399727
0 44 3399727
0 26 3399727
0 71 3399727
10 14 3399179
10 12 3399179
10 12 3399095
8 33 3398815
8 17 3398815
12 10 3398777
28 26 3398776
12 17 3398767
12 10 3398767
61 73 3398749
61 106 3398749
100 28 3398256
62 64 3398249
111 95 3398229
0 3 3396306
0 44 3396306
0 87 3396306
0 26 3396306
0 71 3396306
26 28 3395875
110 112 3395296
110 112 3395288
30 68 3394860
10 12 3394693
17 8 3394649
9 12 3394596
0 71 3392807
0 26 3392807
0 87 3392807
0 3 3392807
0 44 3392807
104 108 3392470
104 106 3392470
104 61 3392470
104 18 3392470
104 105 3392470
104 73 3392470
104 70 3392470
26 73 3392198
104 61 3392150
6 12 3392150
104 108 3392150
104 18 3392150
104 70 3392150
104 106 3392150
104 105 3392150
104 73 3392150
9 44 3392111
26 73 3391998
26 36 3391998
26 89 3391943
59 28 3391780
114 74 3391765
26 30 3391755
26 89 3391755
26 31 3391755
26 76 3391755
26 27 3391755
26 28 3391755
12 9 3391754
19 9 3391743
9 12 3391725
95 111 3391537
95 40 3391537
95 83 3391537
95 111 3391516
40 95 3391414
40 111 3391414
40 83 3391414
89 68 3391407
12 9 3391313
9 12 3391309
12 17 3391132
12 10 3391132
1 21 3391090
3 0 3391052
19 9 3389058
0 3 3388756
58 95 3388358
58 111 3388358
59 100 3387757
0 71 3385929
0 26 3385929
0 3 3385929
0 44 3385929
0 87 3385929
6 8 3385374
6 19 3385374
17 6 3385252
6 12 3384905
6 12 3384869
14 17 3384486
14 8 3384486
9 12 3384465
19 14 3383900
19 9 3383900
19 17 3383900
19 9 3383872
19 14 3381747
19 9 3381747
19 17 3381747
0 71 3375335
0 26 3375335
0 87 3375335
0 3 3375335
0 44 3375335
104 61 3375031
104 108 3375031
104 18 3375031
104 70 3375031
104 106 3375031
104 73 3375031
104 105 3375031
104 70 3374781
104 73 3374781
104 105 3374781
104 106 3374781
104 61 3374781
104 18 3374781
104 108 3374781
104 70 3374711
104 73 3374711
104 105 3374711
104 106 3374711
104 61 3374711
104 18 3374711
104 108 3374711
12 9 3374641
96 91 3374603
108 113 3374428
28 59 3374317
28 59 3374304
12 10 3374259
3 0 3374093
96 36 3374054
96 36 3374051
62 64 3373908
62 64 3373813
19 9 3371725
89 0 3371657
41 50 3371313
41 115 3371313
104 108 3371211
104 18 3371211
104 61 3371211
104 106 3371211
104 105 3371211
104 73 3371211
104 70 3371211
19 14 3370958
74 72 3370953
74 72 3370775
30 27 3370765
70 73 3370733
70 105 3370733
70 61 3370733
0 3 3370625
59 100 3370618
0 3 3370593
91 95 3370549
10 14 3370540
95 91 3370511
9 19 3370310
19 9 3370040
44 70 3367376
91 95 3367316
113 112 3367198
113 108 3367198
104 70 3367042
104 73 3367042
104 105 3367042
104 106 3367042
104 61 3367042
104 18 3367042
104 108 3367042
9 19 3366815
0 44 3364926
0 87 3364926
0 3 3364926
0 26 3364926
0 71 3364926
19 9 3364718
89 71 3364057
19 9 3363943
112 17 3363879
26 71 3363772
26 71 3363770
98 89 3363681
62 31 3363662
62 85 3363662
62 35 3363662
89 0 3361245
26 71 3361108
68 71 3360858
68 26 3360858
6 12 3360802
104 61 3360778
104 108 3360778
104 18 3360778
104 70 3360778
104 106 3360778
104 105 3360778
104 73 3360778
89 98 3360718
26 68 3360562
30 26 3360544
19 9 3360305
104 70 3359756
104 73 3359756
104 105 3359756
104 106 3359756
104 61 3359756
104 18 3359756
104 108 3359756
26 73 3358088
104 70 3350589
104 105 3350589
104 106 3350589
104 61 3350589
104 18 3350589
104 108 3350589
104 73 3350589
0 87 3350137
0 3 3350137
0 26 3350137
0 71 3350137
50 41 3349917
115 41 3349914
85 111 3347458
85 36 3347458
62 68 3347050
68 62 3347035
41 7 3347032
62 68 3346986
111 91 3346540
50 41 3346490
30 27 3346476
86 72 3344774
0 71 3344137
0 26 3344137
0 87 3344137
0 3 3344137
18 106 3343969
19 9 3343578
41 50 3343529
90 65 3343121
90 72 3343121
90 86 3343121
90 86 3343022
90 72 3343022
90 65 3343022
90 86 3342861
90 118 3342861
90 65 3342861
90 117 3342861
90 72 3342861
19 9 3342400
20 18 3337493
26 27 3337241
26 28 3337241
26 71 3337241
26 98 3337241
26 30 3337241
26 31 3337241
26 27 3337214
26 28 3337214
26 71 3337214
26 98 3337214
26 30 3337214
19 14 3336659
19 8 3336659
8 19 3336659
104 70 3336620
104 73 3336620
104 105 3336620
104 106 3336620
104 61 3336620
104 18 3336620
104 108 3336620
20 33 3336591
94 70 3336570
90 65 3336493
90 72 3336493
90 117 3336493
90 86 3336493
90 118 3336493
33 17 3335672
33 20 3335648
26 27 3332813
26 71 3332813
26 30 3332813
26 0 3332813
26 89 3332813
19 9 3326416
20 10 3326409
10 20 3326409
20 10 3326330
20 17 3326330
20 10 3326285
10 20 3326261
119 120 3325882
119 120 3325792
19 33 3325782
19 18 3325782
119 120 3325690
20 33 3325572
20 9 3325572
20 18 3325572
20 17 3325572
0 71 3323578
0 26 3323578
0 87 3323578
0 3 3323578
0 26 3322699
0 71 3322623
19 9 3322328
33 9 3322189
33 17 3322189
19 9 3322027
20 18 3321624
3 0 3318946
119 120 3318942
106 113 3318925
120 85 3318518
19 20 3318209
19 33 3318209
26 27 3311861
26 30 3304670
26 27 3304670
26 71 3301509
78 85 3301476
17 10 3301447
78 85 3298866
0 3 3298215
33 17 3298212
58 0 3297962
58 111 3295442
58 44 3295442
58 95 3295442
33 17 3295428
94 5 3295102
89 27 3295071
41 96 3294553
95 111 3294551
8 19 3294457
8 17 3294457
8 12 3294457
85 120 3294359
44 71 3292387
33 20 3290773
68 27 3290602
104 106 3288296
104 108 3288296
104 18 3288296
104 105 3288296
104 70 3288296
104 61 3288296
104 73 3288296
6 12 3288007
112 85 3287663
112 17 3287663
19 33 3287661
14 10 3287226
14 17 3287226
71 26 3280653
26 71 3278611
17 14 3277990
120 85 3277740
85 120 3277306
40 95 3277243
120 85 3277144
120 119 3277144
40 95 3277097
119 120 3274494
120 119 3274431
120 85 3274427
120 119 3274427
62 64 3274059
120 85 3274012
120 119 3274012
122 125 3273966
120 119 3273939
122 121 3273924
120 119 3273900
121 122 3273872
120 85 3273797
120 85 3273780
0 3 3273737
0 58 3273737
125 36 3273688
125 122 3273688
125 51 3273688
125 41 3273688
40 95 3273621
8 19 3273601
8 19 3273545
8 9 3273545
8 17 3273545
8 12 3273545
8 6 3273496
8 19 3273486
33 20 3271196
40 95 3270999
33 20 3270989
112 113 3270887
112 113 3270886
112 113 3270744
112 113 3270713
17 10 3270633
17 12 3270633
17 14 3270633
17 8 3270633
33 20 3270168
30 62 3270039
89 71 3268030
14 10 3267879
8 17 3267824
62 30 3267686
109 87 3267523
40 95 3267479
0 71 3267391
111 83 3267372
100 28 3267329
122 41 3267004
19 9 3266974
40 95 3266720
9 12 3266699
12 9 3266655
9 12 3266647
9 33 3266588
85 101 3266553
85 122 3266553
8 33 3264332
40 95 3264058
10 14 3264035
111 83 3263951
111 40 3263951
111 95 3263951
120 85 3263856
120 85 3263822
98 32 3263582
40 111 3263506
40 79 3263506
40 83 3263506
1 21 3263468
40 111 3263431
40 95 3263406
19 9 3254046
108 73 3253696
40 95 3253646
19 9 3253547
112 113 3253514
20 10 3253345
112 113 3253313
9 18 3253116
9 33 3253116
9 20 3253116
33 73 3253027
33 106 3253027
33 18 3253027
14 10 3252921
14 17 3252921
14 12 3252921
19 9 3252905
112 113 3250718
33 18 3250620
33 20 3250620
112 113 3250603
33 20 3250547
91 95 3250447
91 111 3250447
91 40 3250447
91 79 3250447
91 83 3250447
9 19 3250427
33 18 3250391
40 95 3250243
58 95 3250176
58 111 3250176
58 44 3250176
78 100 3250013
10 12 3249588
10 14 3249588
10 17 3249588
78 85 3247295
111 78 3247012
78 111 3246812
40 95 3246808
14 10 3246415
30 26 3246250
30 36 3246235
100 28 3246111
40 95 3245768
91 95 3243814
91 111 3243814
91 40 3243814
91 79 3243814
91 83 3243814
112 113 3243769
9 33 3243495
40 95 3243491
111 95 3243463
9 18 3243450
58 0 3243434
58 3 3243434
1 35 3243338
58 95 3243150
58 111 3243150
58 44 3243150
32 98 3243138
98 32 3243136
19 9 3242719
19 8 3242716
19 10 3242716
19 17 3242716
19 12 3242716
33 18 3242633
58 44 3242571
58 95 3242571
58 111 3242571
58 95 3242569
58 111 3242569
58 44 3242569
100 24 3242518
6 10 3242502
111 95 3242479
40 95 3242246
19 20 3242241
19 9 3242241
71 44 3240655
91 95 3240491
91 111 3240491
91 40 3240491
91 79 3240491
91 83 3240491
111 95 3240093
40 95 3240020
78 111 3239772
79 95 3239382
9 20 3239113
9 19 3239091
9 20 3239091
10 14 3239017
10 12 3239012
40 95 3238985
33 18 3238907
19 9 3238726
44 58 3237469
106 70 3236822
9 19 3236293
9 20 3232947
9 33 3230225
9 19 3230222
112 113 3230086
19 9 3230065
112 113 3229984
113 112 3229833
68 128 3229706
68 45 3229706
95 111 3229495
115 50 3229301
19 9 3229255
120 85 3228992
112 113 3228973
62 35 3228752
58 95 3228664
58 111 3228664
58 44 3228664
61 129 3228567
61 108 3228567
61 18 3228567
61 106 3228567
61 70 3228567
61 105 3228567
28 100 3228544
9 19 3227015
9 19 3227014
91 40 3226609
91 83 3226609
91 79 3226609
91 111 3226609
91 95 3226609
19 9 3226553
19 9 3226515
91 95 3226445
91 111 3226445
91 40 3226445
91 79 3226445
91 83 3226445
130 74 3226432
19 9 3226311
40 95 3226169
40 111 3226169
40 79 3226169
40 83 3226169
10 19 3226082
10 14 3226082
68 76 3226081
68 128 3226081
58 95 3226065
58 111 3226065
32 98 3226048
58 95 3226030
58 111 3226030
58 44 3226030
98 32 3226026
112 113 3225912
20 18 3225736
20 33 3225736
105 70 3225672
35 126 3225564
33 20 3225558
33 18 3225558
9 12 3225357
9 33 3225247
9 19 3225247
111 40 3225203
111 95 3225203
19 9 3223043
91 95 3223016
91 111 3223016
91 40 3223016
91 79 3223016
91 83 3223016
78 85 3222405
111 78 3222375
111 95 3222374
78 111 3222309
9 19 3222307
9 8 3222261
9 19 3222212
9 19 3222108
120 85 3221987
33 20 3221984
19 10 3221964
9 20 3221873
41 7 3221669
41 50 3221669
32 98 3221662
20 9 3219595
78 111 3219573
20 9 3219565
20 9 3219553
91 79 3219527
91 83 3219527
91 95 3219527
91 40 3219527
91 111 3219527
78 111 3219526
8 17 3219421
91 40 3219351
5 70 3219243
20 33 3219232
20 9 3219232
0 3 3219183
0 58 3219183
0 44 3219183
44 71 3219001
0 3 3218955
0 58 3218955
0 44 3218955
20 18 3218801
28 100 3218727
98 32 3218700
32 98 3218595
98 32 3218592
20 9 3218558
32 98 3218542
8 17 3218522
28 100 3218507
0 80 3218504
120 85 3218373
10 8 3218352
10 14 3218352
10 17 3218352
10 12 3218352
32 98 3218229
129 70 3218121
112 108 3216365
112 113 3216365
61 108 3216297
61 18 3216297
111 78 3216216
10 14 3216071
14 10 3216065
91 95 3216014
91 111 3216014
91 40 3216014
91 79 3216014
91 83 3216014
10 14 3215992
1 21 3215898
78 111 3215891
20 18 3215830
6 20 3215745
6 17 3215745
6 8 3215745
79 40 3215667
79 83 3215667
80 131 3215656
111 78 3215611
78 111 3215569
20 9 3215564
95 111 3215220
20 17 3215158
20 33 3215158
8 20 3215142
8 17 3215142
105 104 3214980
10 12 3214859
95 111 3214853
20 8 3214751
104 105 3214496
9 20 3213048
94 5 3208531
94 5 3208523
20 8 3208355
17 112 3208086
17 10 3208086
17 12 3208086
20 33 3207732
33 20 3206397
20 17 3205833
20 33 3205833
33 20 3205560
20 33 3205529
33 20 3205523
20 33 3205478
20 17 3205478
33 20 3199187
91 83 3199009
91 79 3199009
91 40 3199009
91 111 3199009
91 95 3199009
112 85 3198739
112 17 3198739
33 20 3198717
33 17 3198717
44 70 3198546
8 20 3198467
20 33 3198467
20 8 3198467
20 17 3198467
9 20 3198440
78 111 3198382
78 101 3198228
78 85 3198228
10 12 3198134
10 17 3198134
10 19 3198134
10 8 3198134
58 0 3198097
0 3 3198097
0 58 3198097
0 44 3198097
111 78 3198037
78 111 3197994
111 78 3197989
20 9 3197886
20 17 3197886
20 18 3197863
20 18 3197860
19 9 3197787
9 20 3197600
113 112 3197594
101 78 3197486
10 12 3197485
10 14 3197485
10 8 3197485
91 95 3195459
91 111 3195459
91 40 3195459
91 79 3195459
91 83 3195459
58 44 3195430
44 58 3195427
44 3 3195427
44 0 3195427
9 19 3195356
10 8 3195324
10 17 3195324
10 12 3195324
20 18 3195318
20 33 3195298
101 85 3195295
101 78 3195295
33 20 3195289
20 18 3195283
9 19 3195259
9 19 3195087
8 10 3195056
10 8 3195055
10 17 3195055
10 12 3195055
20 33 3195048
33 20 3194956
59 28 3194954
9 19 3194756
129 73 3194722
8 10 3194717
8 17 3194706
8 12 3194691
8 17 3194691
8 10 3194691
8 19 3194691
10 8 3194607
8 19 3194535
8 10 3194535
8 17 3194535
8 12 3194535
10 17 3194492
10 12 3194492
10 19 3194492
10 8 3194492
17 10 3194483
10 8 3194406
30 36 3194349
112 113 3194319
9 33 3194277
113 112 3194264
20 18 3194208
17 10 3194207
17 12 3194207
78 85 3194143
20 33 3194139
91 111 3194125
111 91 3194125
100 28 3193903
100 59 3193903
100 76 3193903
76 68 3193775
113 108 3193775
112 113 3192289
91 95 3192211
91 111 3192211
91 40 3192211
91 79 3192211
91 83 3192211
10 17 3191868
19 9 3191844
10 17 3191814
10 12 3191814
19 9 3191805
61 18 3191778
61 108 3191778
19 9 3191702
61 18 3191602
61 108 3191602
9 19 3191589
78 101 3191568
78 85 3191568
112 113 3191557
41 7 3191540
41 50 3191535
41 115 3191535
6 12 3191487
30 36 3191445
18 20 3191323
78 101 3191316
78 85 3191316
0 131 3191244
0 80 3191244
85 78 3191171
41 115 3191160
115 41 3191155
41 115 3191152
115 41 3191147
78 101 3191121
78 85 3191121
111 78 3191117
33 18 3191073
85 120 3191072
85 120 3191066
78 111 3191051
94 5 3191044
10 17 3191040
10 12 3191040
111 78 3191037
80 131 3191017
17 14 3190963
17 10 3190963
17 12 3190963
58 3 3190943
20 33 3190935
20 9 3190935
20 17 3190935
17 10 3190881
112 113 3190865
113 112 3190855
112 113 3190815
10 17 3190782
10 12 3190782
10 14 3190782
83 40 3190768
17 33 3190717
111 78 3190629
78 111 3190621
111 78 3190619
78 111 3190612
111 78 3190609
78 111 3190567
19 9 3190414
20 18 3188478
94 70 3187942
94 70 3187574
94 5 3185141
14 10 3181606
14 17 3181606
61 108 3181568
61 18 3181568
19 9 3181355
3 0 3181353
3 58 3181353
3 44 3181353
8 19 3181328
8 10 3181328
8 17 3181328
8 12 3181328
113 26 3181158
113 108 3181158
113 73 3181158
113 129 3181158
113 106 3181158
10 17 3181146
10 12 3181146
95 111 3181122
41 75 3180937
19 9 3180928
41 115 3180920
41 7 3180920
113 112 3180633
33 18 3180626
130 74 3180588
40 91 3180574
129 73 3180548
120 85 3180496
61 108 3180405
61 18 3180405
26 31 3178144
18 73 3178143
19 9 3178090
120 85 3177943
95 111 3177920
78 111 3177825
132 73 3177706
111 78 3177705
73 132 3177609
70 71 3177605
70 94 3177605
70 44 3177605
70 5 3177605
105 94 3177583
8 14 3177549
78 111 3177542
94 105 3177476
9 19 3177448
14 8 3177428
28 26 3177303
28 89 3177303
132 73 3177215
111 78 3177209
120 85 3177172
28 100 3177141
94 44 3177117
129 73 3177115
100 28 3177057
120 85 3177019
120 85 3176973
120 119 3176899
0 3 3176899
0 58 3176899
0 44 3176899
129 73 3176851
40 79 3176619
40 83 3176619
85 112 3175162
131 80 3174697
91 111 3174626
129 73 3174612
6 8 3174468
6 17 3174468
6 17 3174420
6 8 3174420
28 89 3174368
26 89 3174300
120 85 3174292
3 0 3174274
3 58 3174274
3 44 3174274
132 41 3174259
132 115 3174259
17 10 3174229
3 0 3174211
3 58 3174211
3 44 3174211
120 85 3174174
33 18 3174009
100 28 3173904
120 85 3173802
61 18 3173630
61 108 3173630
28 89 3173627
113 112 3173624
14 8 3173616
17 10 3173600
26 71 3173512
18 73 3173247
18 20 3173208
20 18 3173070
120 85 3171383
94 70 3171342
91 40 3171113
91 79 3171113
91 83 3171113
91 111 3171113
91 95 3171113
85 120 3171091
54 73 3170977
40 111 3170963
40 83 3170963
120 85 3170887
120 85 3170747
85 120 3170650
120 85 3170625
127 106 3170618
20 33 3170571
33 20 3170549
50 7 3170485
40 79 3170480
40 79 3170462
40 83 3170462
40 79 3170408
40 83 3170408
40 111 3170408
40 95 3170408
131 3 3170366
20 18 3170339
0 3 3170315
0 58 3170315
0 44 3170315
112 113 3170214
0 44 3170167
0 3 3170167
0 58 3170167
132 41 3170073
70 71 3169998
70 94 3169998
70 44 3169998
70 5 3169998
132 79 3169934
61 108 3169817
61 18 3169817
61 18 3169795
61 108 3169795
41 115 3169739
83 79 3169649
91 40 3167879
112 113 3167802
28 100 3167779
28 89 3167779
129 73 3167759
112 113 3167685
17 10 3167557
17 12 3167557
10 17 3167535
115 41 3167440
112 113 3167257
19 9 3167245
112 85 3167200
111 95 3167161
68 128 3167091
68 45 3167091
40 79 3167053
70 0 3166865
70 5 3166865
70 44 3166865
70 58 3166865
70 3 3166865
70 10 3166865
70 94 3166865
70 71 3166865
70 131 3166865
68 27 3166798
68 45 3166798
68 31 3166798
19 9 3166731
20 10 3166707
20 10 3166654
120 119 3166640
28 89 3166584
28 26 3166584
17 8 3166574
120 85 3166548
7 41 3166547
61 18 3166393
61 108 3166393
61 73 3166393
61 73 3166321
61 18 3166321
61 108 3166321
20 18 3163836
20 18 3157307
20 18 3157251
91 83 3157228
91 40 3157228
91 79 3157228
91 111 3157228
91 95 3157228
33 20 3157220
20 18 3157141
1 126 3156977
1 126 3156933
33 9 3156853
44 58 3156566
58 44 3156524
105 70 3156378
119 85 3156065
72 86 3155765
6 12 3153888
113 112 3153866
112 113 3153834
91 83 3153756
91 79 3153756
91 40 3153756
91 111 3153756
91 95 3153756
91 95 3153755
91 111 3153755
91 40 3153755
91 79 3153755
91 83 3153755
91 79 3153752
91 83 3153752
91 111 3153752
91 40 3153752
91 95 3153752
58 71 3153702
100 59 3153605
95 111 3153525
112 113 3153492
40 83 3153416
40 79 3153416
40 111 3153416
112 85 3153391
3 0 3153227
3 58 3153227
3 44 3153227
40 83 3153060
112 113 3153050
108 73 3153009
112 85 3152880
20 6 3152869
58 0 3152424
20 18 3152307
105 104 3151189
20 33 3150911
112 113 3150711
20 33 3150635
20 18 3150635
44 58 3150600
61 33 3150552
61 20 3150552
61 70 3150552
61 18 3150552
61 104 3150552
61 108 3150552
61 129 3150552
61 106 3150552
61 105 3150552
44 58 3150548
44 58 3150516
18 9 3150477
18 33 3150396
18 20 3150396
18 9 3150396
91 83 3150322
91 79 3150322
91 40 3150322
91 111 3150322
91 95 3150322
35 111 3150282
35 40 3150282
35 83 3150282
35 85 3150282
35 31 3150282
111 83 3150258
95 111 3150251
61 129 3150189
61 18 3150189
61 104 3150189
61 20 3150189
61 108 3150189
61 106 3150189
61 105 3150189
61 70 3150189
61 33 3150189
78 85 3150111
105 70 3150049
19 9 3149933
20 33 3149721
111 83 3149474
8 17 3149429
78 85 3149429
78 101 3149429
33 18 3149370
71 44 3149299
9 19 3149198
0 3 3149162
0 58 3149162
0 44 3149162
28 100 3149151
0 44 3149105
19 9 3149090
19 9 3149070
100 28 3149015
35 62 3148966
40 35 3148936
40 95 3148904
40 111 3148904
40 79 3148904
40 83 3148904
91 79 3147001
91 83 3147001
91 111 3147001
91 40 3147001
91 95 3147001
19 9 3146960
19 9 3146882
19 9 3146860
3 44 3146850
120 85 3146747
26 71 3146727
120 85 3146693
9 19 3146674
85 120 3146645
120 85 3146624
95 111 3146553
26 27 3146480
78 85 3146477
68 128 3146463
68 100 3146463
71 26 3146414
120 85 3146406
78 111 3146253
127 1 3146125
50 41 3146123
73 61 3146062
26 71 3146056
26 71 3146054
73 61 3146045
1 127 3145995
1 126 3145995
71 26 3145992
80 131 3145989
100 59 3145928
8 17 3145800
78 85 3145779
26 71 3145589
19 9 3145444
100 59 3145381
32 31 3145359
20 18 3143792
5 94 3143671
91 40 3143654
91 83 3143654
91 79 3143654
91 111 3143654
91 95 3143654
8 17 3143625
112 113 3143471
19 17 3143256
44 94 3143244
61 18 3143217
61 108 3143217
58 3 3143121
58 0 3143121
0 58 3143035
112 85 3142984
85 112 3142980
85 78 3142979
78 111 3142954
112 85 3142786
3 58 3142765
119 120 3142598
113 112 3142550
58 0 3142527
58 0 3142525
58 0 3142520
20 33 3142460
44 94 3142440
0 58 3142395
85 31 3142252
8 17 3142123
85 112 3142119
19 9 3142059
112 113 3133218
112 108 3133218
112 113 3133132
91 40 3133068
91 79 3133068
91 83 3133068
91 111 3133068
91 95 3133068
8 17 3133051
120 85 3132950
78 111 3132935
111 78 3132934
8 17 3132897
100 59 3132820
8 17 3132808
112 85 3132799
112 85 3132793
58 44 3132765
58 71 3132763
58 44 3132763
101 122 3132762
58 95 3132717
58 111 3132717
85 112 3132682
44 58 3132618
132 41 3132474
100 59 3132452
106 73 3132346
106 105 3132346
122 125 3132262
111 95 3132253
112 85 3132243
112 113 3132243
112 24 3132243
122 125 3132238
111 95 3132236
111 95 3132235
85 112 3132048
33 9 3131999
78 85 3131959
78 85 3131954
85 120 3131953
18 20 3131924
78 111 3131827
111 78 3131821
78 111 3131817
95 111 3131812
95 111 3131731
112 113 3129827
1 35 3129804
19 9 3129746
91 79 3129722
91 83 3129722
91 111 3129722
91 40 3129722
91 95 3129722
112 113 3129683
112 113 3129647
130 74 3129630
78 111 3129626
44 71 3129552
8 17 3129548
19 9 3129256
44 71 3129116
113 112 3129092
120 85 3129082
120 119 3129082
40 79 3129068
85 120 3129024
112 113 3128976
130 74 3128970
58 0 3128960
20 18 3128926
58 95 3128795
58 111 3128795
58 0 3128794
112 113 3128760
78 85 3128756
111 95 3128756
95 111 3128742
1 21 3128527
72 90 3128289
111 129 3128109
105 70 3126306
105 5 3126306
91 95 3126208
91 111 3126208
91 40 3126208
91 79 3126208
91 83 3126208
112 85 3126158
120 85 3126127
85 120 3125932
100 59 3125930
120 85 3125929
85 120 3125912
85 78 3125863
58 95 3125857
58 44 3125857
58 111 3125857
120 85 3125778
120 85 3125775
100 59 3125622
112 85 3125574
85 112 3125568
112 85 3125551
85 112 3125546
19 9 3125538
100 59 3125396
8 19 3125367
8 9 3125367
8 17 3125367
8 12 3125367
112 113 3125344
44 58 3125318
80 131 3125292
32 31 3125271
32 27 3125271
58 95 3125152
58 111 3125152
58 44 3125152
58 0 3125036
112 113 3125003
58 0 3124967
113 112 3124886
18 106 3124873
20 18 3124860
18 20 3124849
40 95 3124829
40 111 3124829
40 83 3124829
111 129 3124683
112 113 3122717
91 79 3122654
91 83 3122654
91 95 3122654
91 40 3122654
91 111 3122654
18 20 3122647
44 131 3122598
44 71 3122598
44 58 3122598
44 131 3122591
44 71 3122591
44 58 3122591
1 126 3122429
1 21 3122429
8 17 3122340
3 0 3122289
3 58 3122289
3 44 3122289
7 41 3122280
115 41 3122240
115 50 3122240
100 59 3122124
20 18 3122119
8 17 3121893
8 17 3121881
1 126 3121800
1 21 3121800
44 58 3121776
0 58 3121682
17 8 3121661
113 112 3121522
33 18 3121494
111 95 3121260
112 113 3119538
112 5 3119538
90 117 3119436
90 86 3119436
90 65 3119436
90 72 3119436
126 1 3119366
100 28 3119341
112 113 3119327
112 5 3119327
91 95 3119272
91 111 3119272
91 40 3119272
91 79 3119272
91 83 3119272
5 70 3119227
5 105 3119227
113 112 3119224
9 33 3119212
9 17 3119212
58 0 3119207
58 131 3119139
112 113 3119032
112 85 3119032
112 113 3119026
1 126 3119011
40 95 3118973
70 44 3118867
70 5 3118867
61 18 3118866
3 131 3118710
112 85 3118697
85 112 3118687
1 127 3118674
120 85 3118673
94 44 3118671
44 94 3118661
6 12 3118616
112 85 3118573
112 85 3118554
131 3 3118489
112 113 3118410
112 85 3118205
90 65 3118183
90 72 3118183
90 117 3118183
90 86 3118183
120 85 3118182
85 120 3118173
85 112 3118172
120 51 3118147
120 85 3118147
112 113 3118114
112 5 3118114
19 9 3118110
85 120 3118056
85 120 3117878
19 9 3117743
86 65 3116910
86 65 3116334
111 36 3111683
58 0 3108873
58 3 3108873
58 44 3108873
0 3 3108739
89 26 3108737
70 44 3108553
70 5 3108553
85 120 3108520
120 85 3108510
120 85 3108505
70 44 3108495
120 85 3108465
33 17 3108456
113 112 3108431
5 44 3108384
5 70 3108384
85 120 3108345
27 26 3108323
14 8 3108323
85 35 3108316
85 120 3108152
117 74 3108138
74 117 3108138
74 130 3108138
74 90 3108138
5 70 3107999
5 70 3107881
36 111 3107847
1 126 3107846
120 51 3107845
120 85 3107845
80 131 3107806
32 27 3107756
120 85 3107668
80 131 3107371
91 95 3105533
91 111 3105533
91 40 3105533
91 79 3105533
91 83 3105533
58 44 3105466
8 9 3105434
120 85 3105425
131 80 3105406
6 17 3105382
112 85 3105380
3 0 3105256
90 86 3105242
90 117 3105242
90 72 3105242
90 65 3105242
112 85 3105205
101 51 3105204
101 122 3105204
85 112 3105197
131 85 3105019
100 59 3104974
78 85 3104881
100 59 3104814
9 19 3104670
7 41 3104510
9 33 3104465
9 20 3104444
85 120 3104389
62 85 3104370
14 17 3104368
14 10 3104368
14 20 3104368
71 5 3104304
8 17 3104242
129 73 3104240
33 17 3104216
112 85 3104206
112 113 3104206
129 73 3104169
9 20 3104079
18 33 3103997
18 105 3103997
18 17 3103997
62 64 3103964
9 20 3102389
86 117 3102182
86 90 3102182
86 72 3102182
86 65 3102182
9 19 3102142
89 71 3102072
129 106 3102071
105 33 3102013
105 18 3102013
105 17 3102013
129 73 3101838
9 19 3101837
9 19 3101835
86 65 3101750
86 72 3101750
86 117 3101750
86 90 3101750
58 0 3101651
100 59 3101621
129 73 3101598
18 33 3101515
58 0 3101409
80 131 3101366
26 28 3101253
62 31 3101244
5 105 3101133
64 87 3101114
64 90 3101114
91 40 3100956
40 83 3100906
40 95 3100906
40 111 3100906
112 85 3100873
112 113 3100866
112 85 3100824
112 85 3100804
85 120 3100742
78 85 3100724
85 112 3100673
6 106 3100671
112 85 3100666
85 112 3100663
27 134 3100421
27 26 3100421
27 32 3100421
27 31 3100421
28 89 3098604
28 100 3098585
26 100 3098570
112 85 3098466
105 5 3098454
91 95 3098437
91 111 3098437
91 40 3098437
91 79 3098437
91 83 3098437
1 35 3098424
112 113 3098388
112 5 3098388
100 59 3098377
120 85 3098244
17 6 3098152
58 44 3098139
0 58 3098071
0 44 3098071
0 3 3098071
0 3 3098052
0 58 3098052
0 44 3098052
9 12 3097999
44 94 3097898
20 18 3097797
112 113 3097511
113 112 3097504
111 83 3097485
6 17 3097476
112 113 3097415
85 120 3097349
1 21 3097031
111 79 3095832
90 65 3095288
90 72 3095288
90 117 3095288
90 86 3095288
14 12 3095095
104 70 3095041
104 105 3095041
104 106 3095041
104 129 3095041
104 61 3095041
104 18 3095041
104 73 3095041
14 17 3094972
91 79 3094835
91 83 3094835
91 111 3094835
91 40 3094835
91 95 3094835
100 59 3094829
113 112 3094798
100 59 3094768
112 113 3094708
109 24 3094600
36 111 3094583
0 3 3094579
0 58 3094579
0 44 3094579
58 0 3094577
18 33 3094534
83 78 3094486
78 83 3094483
129 70 3094480
83 78 3094473
78 83 3094470
3 0 3094467
3 58 3094467
3 44 3094467
17 8 3094417
98 89 3094413
94 5 3094404
5 70 3094399
0 3 3094393
0 58 3094393
0 44 3094393
112 85 3094392
112 113 3094392
70 71 3094378
70 44 3094378
70 5 3094378
112 113 3094349
98 28 3094191
131 80 3093998
0 3 3093859
0 58 3093859
0 44 3093859
85 112 3093790
85 120 3093626
80 131 3093588
111 79 3093482
111 83 3093482
111 95 3093482
111 40 3093482
19 9 3092449
105 5 3091103
112 113 3087152
112 113 3087125
14 17 3085233
14 20 3085233
14 10 3085233
112 113 3084852
112 85 3084852
112 8 3084770
112 17 3084770
112 12 3084770
131 80 3084585
91 95 3084526
91 111 3084526
91 79 3084526
91 83 3084526
91 40 3084526
100 59 3084523
14 20 3084514
14 10 3084514
14 17 3084514
90 117 3084510
90 86 3084510
90 72 3084510
90 65 3084510
90 65 3084410
90 72 3084410
90 117 3084410
90 86 3084410
120 85 3084394
0 3 3084339
0 58 3084339
0 44 3084339
120 85 3084261
0 3 3084260
0 58 3084260
0 44 3084260
113 112 3084211
75 51 3084114
132 106 3083989
8 14 3083684
90 65 3083682
90 72 3083682
90 117 3083682
90 86 3083682
85 120 3083606
120 85 3083562
112 113 3083405
120 119 3083372
120 119 3083361
120 85 3083332
90 65 3081207
90 72 3081207
90 117 3081207
90 86 3081207
91 83 3081193
91 79 3081193
91 40 3081193
91 111 3081193
91 95 3081193
95 111 3081175
61 111 3081165
111 95 3081152
58 0 3081150
111 61 3081147
106 113 3081073
0 3 3080960
0 3 3080959
75 51 3080852
75 51 3080842
51 75 3080781
100 59 3080633
89 28 3080231
105 94 3080225
89 91 3080207
105 106 3080203
105 94 3080203
44 58 3080162
131 80 3080137
100 59 3080061
33 20 3079872
20 33 3079635
70 71 3077825
70 44 3077825
70 5 3077825
91 95 3077681
91 111 3077681
91 40 3077681
91 79 3077681
91 83 3077681
112 113 3077641
90 117 3077620
90 86 3077620
90 72 3077620
90 65 3077620
112 113 3077608
132 50 3077571
132 41 3077571
132 115 3077571
132 7 3077571
132 78 3077571
112 85 3077556
9 19 3077468
105 70 3077447
112 113 3077413
9 33 3077319
3 0 3077289
3 58 3077289
3 44 3077289
20 33 3077280
112 113 3077249
32 134 3077050
83 111 3076816
112 85 3076766
129 73 3076734
131 80 3076650
14 20 3076571
14 17 3076571
89 27 3076571
112 113 3076517
122 125 3076290
20 14 3076241
20 17 3076241
90 65 3074480
90 72 3074480
90 117 3074480
90 86 3074480
91 79 3074331
91 83 3074331
91 111 3074331
91 40 3074331
91 95 3074331
112 113 3074293
19 9 3074256
112 113 3074181
1 21 3074107
14 20 3074022
14 17 3074022
14 12 3074022
44 0 3074022
44 3 3074022
44 58 3074022
1 21 3073993
58 0 3073938
3 44 3073920
100 59 3073756
6 19 3073745
0 44 3073741
28 76 3073737
28 100 3073737
100 28 3073715
90 65 3073486
90 72 3073486
90 117 3073486
90 86 3073486
44 0 3073484
85 120 3073461
105 73 3073209
105 106 3073209
33 20 3072974
131 80 3070844
112 85 3070835
91 79 3070833
91 83 3070833
91 111 3070833
91 40 3070833
91 95 3070833
112 113 3070641
100 28 3070550
100 59 3070550
122 101 3070491
26 28 3070485
26 71 3070485
58 0 3070208
120 85 3070162
120 119 3069968
58 44 3069932
112 113 3069931
117 130 3069900
117 86 3069900
117 90 3069900
117 72 3069900
117 65 3069900
14 20 3069866
14 17 3069866
14 12 3069866
129 73 3069863
137 68 3069519
19 9 3069363
19 9 3069331
125 36 3069331
5 105 3067313
5 94 3067235
26 27 3064259
19 9 3060413
91 40 3060345
91 79 3060345
91 83 3060345
91 111 3060345
91 95 3060345
120 85 3060315
120 85 3060211
136 79 3060164
136 36 3060164
136 24 3060164
136 85 3060164
136 121 3060164
136 109 3060164
136 101 3060164
136 75 3060164
136 78 3060164
136 54 3060164
136 51 3060164
136 91 3060164
136 41 3060164
136 95 3060164
136 122 3060164
120 85 3060127
117 87 3060111
117 90 3060111
120 85 3060094
120 119 3060094
137 68 3059857
87 90 3059851
90 86 3059832
90 117 3059832
90 72 3059832
90 65 3059832
85 120 3059784
100 59 3059682
112 5 3059550
112 85 3059543
40 79 3059480
111 83 3059470
19 9 3059348
122 136 3059295
104 106 3059085
18 73 3059057
85 35 3058989
85 112 3058987
91 40 3057015
91 79 3057015
91 83 3057015
91 111 3057015
91 95 3057015
0 3 3056803
125 41 3056502
125 51 3056502
125 36 3056502
125 122 3056502
3 58 3056460
3 44 3056460
112 113 3056280
111 95 3056257
78 111 3056252
111 78 3056236
78 114 3056201
91 40 3056097
91 40 3056096
112 113 3056063
111 79 3056023
111 83 3056023
111 40 3056023
111 95 3056023
85 120 3056017
122 125 3055884
19 9 3055857
62 85 3055794
85 62 3055756
9 19 3055620
9 33 3055609
91 79 3053657
91 83 3053657
91 95 3053657
91 40 3053657
91 111 3053657
91 95 3053502
91 111 3053502
91 40 3053502
91 79 3053502
91 83 3053502
131 80 3053438
120 85 3053401
40 111 3053399
40 35 3053399
40 83 3053399
33 9 3053376
111 129 3053368
9 33 3053285
8 17 3053259
129 111 3053198
131 80 3053191
80 131 3053177
112 113 3053083
33 9 3052986
58 0 3052955
58 3 3052955
58 44 3052955
19 9 3052940
112 113 3052930
33 20 3052632
106 32 3052570
119 120 3052523
40 79 3052495
112 113 3052444
112 113 3052436
6 17 3052432
112 113 3052381
9 18 3052348
120 85 3052344
9 33 3052323
9 19 3052323
19 9 3052226
9 33 3051817
62 85 3050162
3 44 3050109
3 58 3050109
91 95 3050058
91 111 3050058
91 40 3050058
91 79 3050058
91 83 3050058
40 95 3049973
40 111 3049973
40 83 3049973
8 17 3049800
131 80 3049798
95 40 3049766
19 9 3049754
68 128 3049717
68 45 3049717
68 137 3049717
131 78 3049566
112 113 3049539
76 28 3049441
40 111 3049364
8 17 3049210
33 17 3049194
33 18 3049191
112 113 3049118
112 113 3049046
112 113 3049039
129 111 3048741
129 111 3048740
9 18 3048694
18 106 3048679
80 131 3048627
83 111 3048617
112 85 3046803
111 129 3046793
111 129 3046777
78 85 3046775
91 95 3046636
91 111 3046636
91 40 3046636
91 79 3046636
91 83 3046636
100 59 3046550
58 0 3046432
58 3 3046432
9 19 3046375
131 120 3046344
58 0 3046263
58 44 3046248
131 80 3046224
6 12 3046174
111 83 3046172
83 111 3046162
112 85 3046081
70 105 3046069
12 9 3045970
9 19 3045933
105 70 3045918
112 113 3045855
112 24 3045855
26 30 3045788
26 89 3045788
0 3 3045646
0 3 3045644
19 33 3045594
19 9 3045569
85 120 3045369
111 95 3045169
111 40 3045169
111 79 3045169
111 83 3045169
19 9 3045166
19 9 3045102
112 113 3042174
26 89 3040064
58 0 3036279
58 0 3036277
91 40 3036248
91 79 3036248
91 83 3036248
91 111 3036248
91 95 3036248
3 58 3036207
3 44 3036207
120 85 3036165
58 0 3036133
120 85 3036118
112 113 3036015
112 85 3035974
112 5 3035935
113 106 3035873
0 3 3035739
0 58 3035739
0 44 3035739
113 73 3035686
113 26 3035686
12 17 3035123
44 58 3033200
44 0 3033200
58 44 3032922
91 95 3032861
91 111 3032861
91 40 3032861
91 79 3032861
91 83 3032861
9 12 3032813
8 17 3032726
70 71 3032484
58 95 3032267
58 111 3032267
58 44 3032267
125 41 3032248
125 51 3032248
125 36 3032248
125 122 3032248
58 0 3031862
44 70 3031814
62 51 3029787
87 24 3029763
86 117 3029685
86 90 3029685
86 65 3029685
86 72 3029685
86 72 3029573
86 117 3029573
86 90 3029573
86 65 3029573
112 113 3029332
86 65 3029253
86 72 3029253
86 117 3029253
86 90 3029253
91 40 3029193
91 79 3029193
91 83 3029193
91 111 3029193
91 95 3029193
32 106 3029144
86 117 3029141
86 90 3029141
86 65 3029141
86 72 3029141
19 9 3029106
71 44 3029088
85 120 3029073
131 78 3029066
0 58 3029047
12 9 3029041
78 131 3029039
112 113 3028963
0 3 3028864
0 58 3028864
0 44 3028864
58 44 3028805
58 95 3028805
58 111 3028805
90 65 3028740
90 72 3028740
90 117 3028740
90 86 3028740
50 41 3028698
85 78 3028607
58 0 3028518
58 3 3028518
58 44 3028518
0 3 3028470
0 58 3028470
78 85 3028441
111 78 3028420
78 111 3028409
111 78 3028400
113 112 3028345
44 70 3028160
17 12 3028153
112 113 3028090
78 111 3028083
68 137 3025937
112 5 3025831
91 95 3025807
91 111 3025807
91 40 3025807
91 79 3025807
91 83 3025807
112 73 3025791
112 113 3025791
0 44 3025769
112 73 3025764
112 113 3025764
119 120 3025762
71 28 3025614
112 113 3025482
112 73 3025482
58 44 3025450
111 95 3025390
111 40 3025390
111 79 3025390
78 85 3025323
112 85 3025199
112 113 3024958
78 85 3024889
112 5 3024887
70 71 3024847
70 94 3024847
70 44 3024847
70 5 3024847
0 3 3024745
0 58 3024745
0 44 3024745
9 19 3024623
111 78 3024571
78 111 3024553
62 51 3022998
62 121 3022998
112 113 3022747
112 113 3022676
14 17 3022461
91 95 3022448
91 111 3022448
91 40 3022448
91 79 3022448
91 83 3022448
19 9 3022440
9 8 3022358
9 19 3022358
111 78 3022297
3 44 3022278
112 113 3022197
17 8 3022169
17 14 3022169
112 113 3022167
19 9 3022094
28 59 3022081
1 21 3022078
33 18 3021905
19 9 3021835
90 65 3021586
90 72 3021586
90 117 3021586
90 86 3021586
112 113 3021539
111 91 3021495
129 73 3021467
112 113 3021415
112 113 3021385
121 136 3021375
58 3 3021275
3 58 3021270
3 44 3021270
90 65 3021250
90 72 3021250
90 117 3021250
90 86 3021250
104 70 3021189
90 65 3021155
90 72 3021155
90 117 3021155
90 86 3021155
70 104 3021155
70 44 3021155
85 120 3021071
19 9 3020973
19 9 3020964
104 70 3020839
137 68 3019562
59 100 3018366
112 113 3017948
112 113 3014663
112 5 3014663
91 95 3012067
91 111 3012067
91 40 3012067
91 79 3012067
91 83 3012067
112 113 3012048
19 9 3011982
0 58 3011796
78 111 3011793
111 78 3011790
78 111 3011782
44 70 3011723
100 59 3011658
6 12 3011649
78 85 3011628
126 1 3011617
85 120 3011586
3 58 3011553
33 18 3011540
131 80 3011524
100 28 3011503
80 131 3011503
19 9 3011465
26 28 3011401
26 28 3011386
111 78 3011337
78 111 3011318
26 28 3011239
0 3 3011221
0 44 3011221
0 58 3011221
68 45 3011202
68 137 3011202
68 32 3011202
112 113 3011168
17 14 3011161
17 12 3011161
5 70 3011136
3 58 3011124
12 14 3011037
12 17 3011037
80 131 3011033
26 30 3011006
26 31 3011006
26 28 3011006
26 27 3011006
58 0 3010983
58 3 3010983
58 44 3010983
26 89 3010960
131 80 3010942
26 89 3010802
73 129 3010799
80 131 3010789
113 112 3010723
112 113 3008842
91 95 3008833
91 111 3008833
91 40 3008833
91 79 3008833
91 83 3008833
44 3 3008786
44 58 3008786
44 0 3008786
130 74 3008755
9 19 3008710
19 9 3008622
112 73 3008615
112 113 3008615
19 9 3008600
100 28 3008541
100 59 3008482
100 26 3008456
113 106 3008447
117 130 3008352
85 78 3008268
85 120 3008268
100 28 3008203
9 19 3008191
117 74 3008173
117 130 3008173
71 110 3008171
112 113 3008106
19 9 3008084
112 73 3008080
112 113 3008080
76 28 3007967
89 50 3007823
105 5 3007753
105 5 3007752
9 12 3007631
76 28 3007612
113 73 3007549
12 17 3007508
33 18 3007385
28 76 3007127
28 100 3007127
26 27 3005738
91 79 3005264
91 83 3005264
91 95 3005264
91 40 3005264
91 111 3005264
112 113 3005156
112 113 3005079
112 113 3004927
131 80 3004836
113 112 3004812
111 91 3004763
131 80 3004743
112 5 3004713
112 113 3004713
131 80 3004665
19 9 3004477
100 59 3004429
100 59 3004417
100 59 3004397
90 117 3004229
90 87 3004229
90 86 3004229
90 65 3004229
90 74 3004229
90 72 3004229
112 113 3004212
112 113 3004173
113 70 3004141
113 5 3004141
112 113 3004135
44 58 3004110
44 58 3004104
8 33 3004099
20 33 3004075
100 63 3003987
100 63 3003983
112 113 3003965
1 126 3003934
12 44 3003924
85 120 3003816
85 31 3003717
91 40 3001700
91 79 3001700
91 83 3001700
91 111 3001700
91 95 3001700
120 85 3001656
85 120 3001589
112 113 3001533
131 78 3001258
111 78 3001240
131 80 3001125
33 18 3001113
80 131 3000963
1 126 3000913
75 78 3000774
112 113 3000719
71 5 3000649
5 71 3000645
71 5 3000624
129 73 3000603
40 83 3000514
40 79 3000514
40 111 3000514
40 95 3000514
85 120 3000476
1 21 3000459
33 17 3000373
33 17 3000346
112 113 2998181
131 80 2998174
112 113 2998145
100 59 2998133
100 59 2998105
112 113 2998097
70 71 2998051
70 94 2998051
70 44 2998051
70 5 2998051
112 73 2998021
112 113 2998021
111 78 2997763
19 8 2997753
112 113 2997748
28 76 2997667
28 100 2997667
33 20 2997589
33 17 2997589
112 113 2997460
113 112 2997360
8 19 2997287
113 112 2997271
112 113 2997239
112 113 2997212
112 113 2997211
131 80 2997042
112 113 2997014
78 85 2996964
85 120 2996943
26 36 2996891
20 33 2996799
20 17 2996799
19 9 2996733
72 90 2996654
112 113 2987895
131 80 2987762
112 113 2987748
112 113 2987734
64 35 2987704
100 59 2987696
100 59 2987658
112 113 2987620
100 59 2987594
112 113 2987568
100 28 2987549
18 106 2987497
18 106 2987357
112 113 2987330
111 78 2987297
26 28 2987291
26 27 2987241
26 28 2987241
26 76 2987241
26 30 2987241
26 31 2987241
112 85 2987096
112 113 2987086
112 85 2987086
105 70 2986942
129 73 2986629
19 9 2986621
85 120 2986456
105 70 2984442
105 5 2984442
100 59 2984317
113 112 2984315
44 58 2984313
44 0 2984313
44 3 2984313
90 65 2984285
90 72 2984285
90 117 2984285
90 86 2984285
112 113 2984269
8 12 2984182
8 19 2984182
113 112 2984117
18 73 2984107
112 73 2984048
112 113 2984048
112 73 2984024
112 113 2984024
112 73 2984013
112 113 2984013
125 36 2983933
125 122 2983933
125 41 2983933
125 51 2983933
112 73 2983901
112 113 2983901
85 120 2983822
85 120 2983810
112 85 2983801
112 113 2983740
85 112 2983737
33 20 2983705
112 85 2983693
112 113 2983664
120 85 2983577
112 113 2983443
9 19 2983419
112 73 2983348
112 113 2983348
5 70 2983207
5 105 2983207
19 9 2983197
112 113 2981780
75 78 2981345
112 113 2981037
58 44 2980798
120 85 2980749
8 19 2980590
8 12 2980590
78 75 2980535
131 119 2980523
33 17 2980521
1 35 2980491
112 113 2980378
58 44 2980334
19 9 2980317
58 95 2980279
58 111 2980279
58 44 2980279
120 119 2980167
119 120 2980141
85 120 2980076
112 113 2980047
85 78 2980020
131 119 2980015
5 105 2979921
136 24 2979775
136 109 2979775
111 40 2979762
111 83 2979762
90 117 2979636
85 120 2979636
90 86 2979636
90 72 2979636
90 65 2979636
19 9 2979631
8 14 2979611
8 17 2979611
19 9 2979373
19 9 2979328
19 9 2979323
72 86 2977817
112 85 2977595
112 113 2977594
112 113 2977558
112 113 2977404
111 40 2977229
111 95 2977221
111 40 2977221
111 79 2977221
111 83 2977221
75 51 2977116
35 30 2977116
0 44 2977103
112 113 2977102
112 113 2977093
32 134 2977042
3 44 2977034
120 119 2977028
44 58 2976973
44 3 2976973
44 0 2976973
112 85 2976600
90 65 2976574
90 72 2976574
90 117 2976574
90 86 2976574
112 17 2976551
112 17 2976510
112 85 2976415
26 89 2976391
113 26 2976242
113 26 2976238
33 20 2976227
85 120 2976183
85 112 2976019
112 85 2974373
112 113 2974268
19 9 2974199
19 9 2974104
112 73 2973756
112 113 2973756
111 83 2973722
58 111 2973655
58 26 2973655
58 44 2973655
58 95 2973655
19 9 2973558
112 63 2973394
112 113 2973394
112 24 2973394
112 5 2973394
45 68 2973133
45 137 2973133
45 68 2973009
45 137 2973009
68 137 2972954
68 32 2972954
68 45 2972954
125 54 2972902
113 112 2972740
100 28 2972608
100 89 2972608
19 9 2972452
5 94 2970030
112 73 2966318
112 113 2966318
111 78 2963441
100 59 2963439
112 113 2963251
112 5 2963251
120 85 2963249
112 113 2963231
19 9 2963024
58 44 2962987
58 26 2962987
58 111 2962987
58 95 2962987
89 26 2962953
89 31 2962953
89 27 2962953
89 30 2962953
89 28 2962953
9 33 2962931
9 19 2962931
112 113 2962930
105 94 2962889
125 36 2962828
112 113 2962481
78 85 2962369
85 78 2962363
85 120 2962344
111 95 2962286
26 100 2960456
26 28 2960456
100 59 2960231
120 85 2960211
112 113 2960190
120 85 2960121
90 65 2960074
90 72 2960074
90 117 2960074
90 86 2960074
131 80 2959978
120 85 2959904
120 85 2959901
120 85 2959880
26 31 2959848
26 30 2959848
26 76 2959848
26 98 2959848
26 28 2959848
26 27 2959848
100 28 2959840
45 68 2959680
45 128 2959680
45 137 2959680
41 50 2959533
41 115 2959533
41 132 2959533
41 7 2959533
71 44 2959500
5 113 2959332
95 111 2959294
125 41 2959272
125 51 2959272
125 36 2959272
125 122 2959272
119 120 2959195
119 131 2959195
78 85 2959160
131 80 2959078
58 44 2959075
111 129 2959058
131 80 2959036
5 113 2959029
5 70 2958962
19 9 2958707
19 8 2956825
131 119 2956811
112 113 2956741
100 59 2956574
131 119 2956568
131 119 2956202
131 119 2956118
45 137 2956084
112 113 2956001
112 5 2956001
5 70 2955888
120 119 2955823
71 44 2955796
100 28 2955784
100 76 2955784
68 32 2955585
68 137 2955585
68 45 2955585
125 41 2955554
44 0 2955006
44 3 2955006
44 58 2955006
113 112 2954801
70 94 2953481
106 94 2953106
112 113 2952620
113 112 2952125
100 59 2952093
3 58 2951955
3 44 2951955
19 9 2950097
112 113 2950092
112 113 2949964
26 28 2949868
26 100 2949868
112 113 2949776
112 113 2949624
95 78 2949367
6 12 2949320
112 113 2949218
5 112 2949177
5 113 2949177
28 100 2949131
44 71 2949037
44 58 2948998
44 0 2948998
44 3 2948998
8 17 2948943
68 45 2948894
68 137 2948894
68 32 2948894
19 9 2948261
112 113 2945107
112 113 2941529
8 17 2939478
100 59 2939230
137 68 2939139
100 59 2938895
137 68 2938842
89 26 2938397
112 113 2938057
20 33 2937975
20 17 2937975
112 113 2937970
100 59 2935868
78 75 2935819
125 36 2935716
120 119 2935663
26 27 2935135
26 28 2935135
26 76 2935135
26 30 2935135
26 31 2935135
111 78 2934996
125 41 2934689
111 36 2934596
73 129 2932973
26 98 2932748
26 113 2932737
120 85 2932558
120 85 2932543
120 85 2932188
62 51 2931668
85 112 2931660
68 137 2931617
112 113 2931456
112 113 2931453
112 78 2931447
112 85 2931447
131 119 2931403
68 45 2931315
68 137 2931315
68 32 2931315
68 45 2931219
68 137 2931219
68 32 2931219
85 112 2929247
85 78 2929247
19 17 2929200
131 119 2928993
136 122 2928714
85 78 2928437
113 112 2928426
85 112 2928401
73 106 2925209
112 113 2924718
112 113 2924654
112 113 2920986
19 9 2915080
19 9 2914940
18 33 2914882
18 20 2914882
18 9 2914882
44 70 2914843
44 58 2914843
113 112 2914736
100 59 2914726
100 28 2914726
44 70 2914424
44 0 2914424
44 3 2914424
44 58 2914424
9 19 2914409
112 113 2914304
100 59 2914198
94 105 2911709
121 115 2911656
62 76 2911174
112 113 2910901
28 100 2910805
100 63 2910483
131 115 2908379
70 73 2908332
120 85 2908057
112 113 2907273
6 8 2907020
6 17 2907020
62 125 2906715
112 113 2905930
73 129 2905896
73 70 2905742
112 113 2905039
112 110 2904758
112 113 2904749
78 75 2904652
78 85 2904615
18 33 2904604
18 73 2904604
18 106 2904604
18 20 2904604
18 9 2904604
68 137 2904417
78 85 2904403
112 113 2904392
137 68 2904361
112 113 2904328
62 125 2904303
125 62 2904284
120 85 2904034
120 85 2903894
78 85 2903713
113 112 2903677
30 73 2903556
112 113 2901885
112 113 2901762
112 113 2901745
112 5 2901698
85 78 2901524
85 120 2901524
68 32 2901448
68 137 2901448
68 45 2901448
19 9 2901405
78 85 2901270
125 41 2901126
125 51 2901126
125 36 2901126
125 122 2901126
112 113 2901075
30 68 2901024
19 9 2901003
112 113 2900981
18 20 2900604
75 85 2900085
75 78 2900065
104 18 2899954
104 61 2899954
104 129 2899954
104 105 2899954
104 106 2899954
104 70 2899954
104 73 2899954
5 70 2896612
5 70 2896492
106 129 2894258
106 20 2894258
106 113 2894258
106 18 2894258
106 105 2894258
106 73 2894258
106 70 2894258
106 33 2894258
104 70 2891098
104 73 2891098
104 105 2891098
104 106 2891098
104 129 2891098
104 61 2891098
104 18 2891098
113 112 2891059
35 83 2890911
19 9 2890909
19 9 2890720
78 85 2890625
111 78 2890204
26 27 2890161
113 112 2889880
112 113 2889878
106 113 2889747
5 112 2887875
78 75 2887536
111 95 2887188
106 26 2887049
106 101 2887049
106 120 2887049
106 121 2887049
106 140 2887049
106 136 2887049
106 85 2887049
106 36 2887049
106 32 2887049
106 20 2887049
106 104 2887049
106 137 2887049
106 18 2887049
106 89 2887049
106 129 2887049
106 64 2887049
106 30 2887049
106 28 2887049
106 50 2887049
106 63 2887049
106 27 2887049
106 111 2887049
106 68 2887049
106 33 2887049
106 95 2887049
106 91 2887049
106 73 2887049
106 98 2887049
106 105 2887049
106 75 2887049
129 73 2886894
113 112 2886211
113 112 2886196
112 113 2884562
19 12 2884233
18 20 2884081
68 32 2884069
68 137 2884069
68 45 2884069
112 113 2883592
131 80 2883460
30 26 2883443
112 113 2881244
112 113 2880933
70 73 2880631
104 129 2880261
104 18 2880261
104 61 2880261
104 73 2880261
104 106 2880261
104 105 2880261
104 70 2880261
131 78 2879804
44 3 2879651
78 131 2879647
137 68 2879483
9 19 2879479
27 31 2879425
111 95 2879419
111 40 2879419
111 79 2879419
111 83 2879419
100 26 2879386
5 112 2879372
131 120 2877976
131 119 2877976
26 28 2877389
26 100 2877389
131 120 2877256
131 119 2877256
131 119 2877167
117 114 2877127
111 78 2877075
111 78 2877035
131 119 2876969
85 112 2876636
111 95 2876463
111 40 2876463
111 79 2876463
111 83 2876463
111 95 2876343
70 105 2876282
100 28 2875875
100 59 2875875
26 27 2865955
26 28 2865955
26 98 2865955
26 30 2865955
26 31 2865955
6 17 2865805
6 8 2865805
68 45 2865764
44 3 2865679
95 111 2865455
68 137 2862853
68 137 2862840
44 58 2862391
71 44 2862356
44 58 2862242
111 78 2860178
111 78 2860171
111 78 2860158
111 78 2860155
111 78 2860149
111 78 2860143
100 24 2860042
33 12 2859789
33 17 2859789
33 8 2859789
33 6 2859789
85 14 2859031
134 62 2858909
134 98 2858909
134 30 2858909
134 31 2858909
131 119 2858840
100 28 2858491
100 59 2858491
70 0 2856695
70 5 2856695
70 58 2856695
70 3 2856695
70 44 2856695
70 10 2856695
70 94 2856695
70 71 2856695
70 131 2856695
131 119 2856561
78 120 2856345
30 26 2855963
8 12 2855550
8 17 2855550
8 9 2855550
8 19 2855550
111 78 2855470
0 44 2855324
3 44 2853231
33 6 2853209
33 8 2853209
33 17 2853209
33 12 2853209
44 58 2853027
44 3 2853027
44 0 2853027
111 78 2852857
100 59 2851816
44 58 2849747
3 0 2842408
3 58 2842408
3 44 2842408
111 78 2842265
131 120 2842240
100 28 2842154
85 112 2841893
131 3 2841779
6 8 2841697
6 17 2841697
111 78 2841659
35 62 2841435
112 113 2839536
112 73 2839536
100 28 2839332
100 59 2839332
100 28 2839030
62 35 2838823
112 85 2838755
78 85 2838127
112 5 2835948
100 59 2835688
70 71 2835682
70 94 2835682
70 10 2835682
70 5 2835682
68 45 2835412
68 137 2835412
68 32 2835412
100 28 2835338
5 105 2835305
44 0 2834725
44 3 2834725
44 58 2834725
44 58 2834647
44 3 2832672
112 113 2832615
112 5 2832615
26 27 2832481
112 113 2832383
112 104 2832383
112 5 2832294
71 70 2832277
104 112 2832260
73 129 2832220
117 74 2831993
117 130 2831993
26 111 2831654
78 85 2831608
112 113 2831393
141 85 2831167
141 26 2831167
141 9 2831167
141 17 2831167
111 83 2830913
26 27 2829038
26 111 2829018
117 90 2828906
70 5 2828383
19 9 2828378
136 109 2828191
111 83 2828105
30 27 2828058
8 12 2827579
8 17 2827579
8 9 2827579
8 19 2827579
139 62 2825132
139 27 2825132
139 128 2825132
139 134 2825132
139 45 2825132
139 30 2824979
139 31 2824979
139 76 2824979
139 68 2824979
139 59 2824866
139 137 2824866
139 100 2824866
19 9 2818402
70 5 2818258
63 5 2818074
6 8 2817926
6 8 2817901
5 70 2817271
5 105 2817271
19 9 2817226
19 17 2817226
19 9 2815074
19 9 2814978
19 17 2814978
71 5 2814593
19 9 2814495
19 9 2814476
18 141 2814219
73 141 2812521
113 112 2811446
141 18 2811394
141 106 2811394
141 129 2811394
141 113 2811394
141 105 2811394
141 70 2811394
141 33 2811394
141 73 2811394
131 120 2811219
90 65 2811216
90 72 2811216
90 117 2811216
90 86 2811216
141 106 2811165
141 18 2811165
141 113 2811165
141 129 2811165
141 33 2811165
141 105 2811165
141 73 2811165
141 70 2811165
113 112 2810995
139 85 2810512
113 112 2810439
86 117 2809478
86 87 2809478
86 90 2809478
112 113 2807678
30 36 2807368
112 113 2807356
26 27 2807122
19 9 2807118
26 27 2806752
112 113 2806574
112 113 2806192
112 113 2806190
112 113 2806154
112 113 2806104
112 113 2804802
100 63 2804787
139 134 2804658
139 45 2804658
139 62 2804658
139 128 2804658
139 27 2804658
139 68 2804109
139 76 2804109
139 30 2804109
139 31 2804109
112 113 2804080
112 113 2804049
112 113 2804015
129 141 2803925
20 33 2803868
20 18 2803868
112 113 2803780
19 9 2803717
18 141 2803702
139 100 2803666
139 137 2803666
139 59 2803666
112 113 2803632
6 8 2803620
112 113 2803392
112 113 2803293
19 9 2803187
112 113 2803096
112 113 2803077
112 113 2802912
5 70 2800297
72 117 2799084
95 40 2794166
9 19 2794162
111 78 2794158
131 101 2794139
111 95 2794129
111 78 2794128
6 8 2793384
6 17 2793384
112 5 2791128
9 112 2790909
9 112 2790866
100 59 2790827
5 94 2790730
111 78 2790488
111 78 2790475
112 113 2790216
112 9 2790148
95 111 2790126
95 83 2790126
112 113 2790055
112 9 2790055
112 17 2790055
112 73 2789986
112 5 2789986
44 58 2789915
9 112 2789469
112 9 2789460
9 112 2789426
112 113 2789335
112 9 2789335
112 17 2789335
112 73 2789265
112 113 2789265
112 26 2787671
112 5 2787671
112 113 2787671
112 27 2787671
112 30 2787671
112 28 2787671
112 28 2786949
112 113 2786949
44 58 2786566
44 3 2786566
44 0 2786566
19 9 2783844
112 113 2783748
112 113 2783480
139 112 2783476
19 12 2783360
117 74 2783233
117 130 2783233
131 115 2783159
112 113 2783028
139 59 2782911
139 137 2782911
139 100 2782911
139 59 2782839
139 137 2782839
139 100 2782839
112 113 2782759
62 30 2782747
100 28 2782665
112 113 2782308
139 112 2782036
111 95 2780272
111 83 2780272
95 111 2780157
112 113 2780112
6 17 2779524
112 113 2779471
44 0 2779325
44 3 2779325
44 58 2779325
112 113 2779219
112 113 2779089
100 59 2778896
112 73 2777609
112 113 2776888
112 73 2776888
112 73 2772775
112 73 2772721
112 113 2772441
112 113 2772052
112 73 2772052
112 73 2772000
112 113 2772000
112 113 2770406
19 8 2770120
19 9 2770120
19 17 2770120
100 59 2769592
68 128 2769539
44 94 2769295
35 125 2769182
112 73 2769093
139 59 2769009
139 137 2769009
139 100 2769009
139 26 2769009
68 137 2768885
68 31 2768885
68 76 2768885
68 62 2768885
112 113 2768474
112 73 2768371
112 113 2768371
113 112 2767116
112 113 2766288
100 59 2765946
131 78 2765860
117 74 2765749
117 130 2765749
131 115 2765736
139 113 2765508
94 129 2765495
112 113 2765488
68 32 2765421
68 45 2765421
68 137 2765421
112 113 2764848
113 112 2764831
112 113 2764831
112 113 2764346
112 113 2763770
112 113 2763734
19 9 2763227
112 141 2763044
111 129 2763038
112 113 2762906
26 30 2762859
26 113 2762859
26 139 2762859
112 113 2762704
70 73 2762643
19 9 2762577
70 131 2762332
70 71 2762332
70 94 2762332
70 0 2762332
70 3 2762332
70 58 2762332
70 5 2762332
112 113 2762330
112 141 2762323
112 113 2762316
112 113 2762294
40 111 2761996
111 26 2761822
95 111 2761776
112 113 2760777
19 9 2759904
112 113 2759892
85 112 2759889
19 9 2759886
139 59 2759698
139 137 2759698
139 100 2759698
112 113 2759697
95 91 2759655
111 91 2759624
112 113 2759337
85 112 2759191
112 85 2759164
70 71 2758981
70 44 2758981
68 45 2758718
68 137 2758718
68 32 2758718
129 141 2758508
112 113 2758452
85 112 2758449
112 85 2758442
112 113 2758257
85 112 2757751
85 112 2756736
26 139 2756497
68 45 2756323
68 137 2756323
68 32 2756323
112 85 2755761
117 74 2755570
117 130 2755570
117 90 2755570
129 141 2755531
19 9 2755529
112 17 2755500
112 113 2755500
112 85 2755329
85 112 2755296
104 141 2755268
104 113 2755268
112 113 2755207
112 113 2755202
44 94 2755132
112 85 2755039
112 73 2746617
112 113 2746617
112 85 2745921
112 73 2745899
112 113 2745899
6 8 2745623
112 85 2745201
112 113 2745177
112 73 2745177
44 70 2745171
8 17 2744968
95 111 2744498
20 18 2744347
19 9 2742713
71 70 2742220
70 71 2742171
70 71 2742142
129 141 2741827
30 36 2741626
112 113 2741428
70 71 2741402
70 94 2741402
70 5 2741402
95 111 2741074
78 131 2739000
136 95 2738765
112 113 2738616
71 70 2738586
112 113 2738467
68 45 2738292
68 137 2738292
68 32 2738292
100 59 2738091
112 113 2737934
5 112 2737725
5 112 2737688
95 111 2737636
30 36 2737586
30 36 2737579
30 36 2737575
30 36 2737568
112 113 2737555
112 113 2737514
112 113 2737430
112 113 2737423
112 113 2737092
112 113 2736201
112 113 2736160
112 113 2735990
112 113 2735983
112 113 2735563
113 112 2735428
112 113 2735424
112 113 2735145
139 62 2735121
139 128 2735121
139 134 2735121
139 45 2735121
9 20 2735109
113 112 2734908
112 113 2734761
112 113 2734720
100 28 2734192
100 28 2734170
95 111 2734134
112 113 2734123
113 112 2733988
112 113 2733984
112 113 2733705
113 112 2733468
112 73 2733168
112 113 2733168
112 113 2732949
112 113 2732935
112 73 2732450
112 113 2732380
112 113 2732373
112 113 2732119
95 111 2732015
95 111 2731776
112 113 2731728
112 73 2731728
112 113 2731509
112 113 2731495
95 111 2731493
112 113 2730940
112 113 2730933
113 112 2730861
112 113 2730679
100 59 2730592
112 113 2729791
112 73 2729784
112 113 2729784
112 113 2728507
112 113 2728351
112 73 2728344
112 113 2728344
112 113 2727067
112 113 2722257
112 113 2722228
113 73 2722219
113 73 2722216
113 73 2722197
112 113 2721890
112 113 2721861
112 113 2721763
112 113 2721746
112 113 2721556
112 113 2721540
113 73 2721499
113 73 2721498
113 112 2720822
112 113 2720817
113 112 2720796
112 113 2720788
68 137 2720765
78 85 2720745
78 96 2720745
112 113 2720450
113 112 2720436
112 113 2720421
100 59 2720342
112 113 2720323
112 113 2720306
113 112 2720124
112 113 2720116
112 113 2720100
112 113 2718628
112 113 2718151
19 8 2717898
19 9 2717898
19 8 2717866
19 9 2717866
30 68 2717780
78 85 2717574
78 85 2717534
113 112 2717419
44 3 2717388
113 112 2717292
112 113 2717188
26 68 2717059
26 30 2717059
100 24 2716984
100 59 2716772
112 113 2716711
112 113 2716677
113 112 2713183
112 113 2711404
19 9 2711329
137 100 2711020
68 128 2710700
100 59 2710597
100 28 2710597
26 28 2710525
26 98 2710525
26 30 2710525
26 31 2710525
26 27 2710525
100 59 2710442
100 137 2710442
100 68 2710442
6 8 2710438
8 17 2710331
112 113 2709964
112 113 2709338
112 113 2709316
111 78 2707928
111 78 2707918
90 87 2707916
90 74 2707916
90 109 2707916
112 113 2707898
111 78 2707889
112 113 2707876
111 78 2707874
111 78 2707863
139 59 2707849
139 137 2707849
139 100 2707849
19 9 2707791
19 9 2707650
74 130 2707324
3 0 2706627
3 58 2706627
3 44 2706627
112 113 2697026
112 113 2696049
112 113 2696013
104 113 2694655
5 70 2693284
104 113 2693215
26 89 2692991
137 68 2692593
100 59 2690654
36 54 2690335
36 80 2690335
36 125 2690335
100 28 2689403
100 59 2689403
113 112 2686656
68 137 2686154
68 100 2686154
139 45 2685981
139 134 2685981
139 128 2685981
139 62 2685981
139 27 2685981
112 113 2685645
112 113 2685566
20 33 2682943
112 113 2682477
113 112 2682434
111 36 2682396
111 132 2682396
26 20 2682322
19 9 2680608
112 113 2676477
112 113 2675090
112 113 2675037
112 113 2674327
1 126 2673126
112 113 2672887
139 59 2672602
139 100 2672602
139 137 2672602
26 98 2672454
139 112 2671528
19 9 2670477
112 113 2669832
112 113 2669827
139 100 2669773
139 59 2669773
139 137 2669773
139 59 2669673
139 137 2669673
139 100 2669673
112 113 2669352
112 113 2669292
112 9 2669162
112 17 2669162
112 85 2669162
112 17 2669078
112 85 2669078
21 1 2669063
90 74 2669016
74 90 2669002
100 90 2668549
112 113 2667170
26 27 2666067
112 113 2665850
112 113 2665730
112 113 2665696
139 112 2665624
112 139 2665586
18 8 2665370
18 17 2665370
100 59 2665284
139 100 2663087
139 137 2663087
139 59 2663087
139 59 2662714
139 137 2662714
139 100 2662714
100 63 2662608
112 113 2662521
112 113 2662293
112 113 2662197
112 17 2662195
5 71 2661805
139 62 2661778
139 27 2661778
139 128 2661778
139 134 2661778
139 45 2661778
112 113 2661360
100 137 2659873
100 68 2659873
100 59 2659873
112 113 2658816
30 27 2658815
112 113 2658794
130 90 2658772
112 113 2658554
19 9 2656766
19 9 2656725
71 5 2655255
5 71 2652866
139 59 2648479
139 137 2648479
139 100 2648479
139 59 2648312
139 137 2648312
139 100 2648312
139 100 2648305
139 137 2648305
139 59 2648305
139 59 2648247
139 137 2648247
139 100 2648247
100 59 2648078
112 113 2647252
143 144 2647118
143 131 2644209
143 144 2643796
143 144 2643794
143 131 2643732
105 70 2642217
105 141 2642217
105 106 2642217
100 137 2641871
111 73 2641850
111 73 2640796
143 131 2640626
26 27 2638945
26 134 2638945
26 30 2638655
111 129 2638376
19 9 2638370
143 78 2637571
35 111 2637531
72 90 2637456
112 113 2637048
111 61 2635358
131 78 2634336
113 112 2630544
112 113 2630464
112 113 2630337
91 83 2624973
91 79 2624973
91 40 2624973
91 111 2624973
91 95 2624973
7 143 2624394
40 79 2624205
17 20 2623966
143 144 2623965
144 143 2623934
143 144 2622799
143 131 2622799
19 8 2622261
19 9 2622261
19 8 2622038
91 95 2621669
91 111 2621669
91 40 2621669
91 79 2621669
91 83 2621669
100 59 2620820
100 63 2620801
1 126 2620682
0 3 2620310
0 58 2620310
113 112 2620192
36 125 2620039
61 73 2619631
58 3 2619477
58 0 2619477
58 71 2619477
19 9 2618832
19 9 2618824
26 30 2618014
30 26 2617937
125 36 2617243
112 113 2616645
131 143 2616604
143 144 2616156
112 113 2616124
112 113 2616120
61 73 2616112
6 8 2614562
40 79 2614312
40 95 2614240
40 111 2614240
40 79 2614240
21 1 2613870
3 0 2613588
3 58 2613588
44 129 2613535
18 20 2613371
136 122 2613184
3 58 2613052
58 3 2613036
131 144 2613014
143 131 2612918
143 144 2612918
58 44 2612844
0 3 2612690
0 58 2612690
143 131 2612580
114 24 2611322
91 95 2611160
91 111 2611160
91 79 2611160
91 83 2611160
91 40 2611160
44 18 2610661
26 62 2610498
26 36 2610498
26 30 2610494
136 62 2610487
111 83 2610354
111 95 2610354
0 3 2609808
0 58 2609808
0 3 2609757
0 58 2609757
111 61 2609714
131 144 2609692
144 131 2609604
144 131 2609601
0 3 2609443
0 58 2609443
143 144 2609248
144 143 2609224
72 90 2604540
19 9 2601511
91 83 2600967
91 79 2600967
91 40 2600967
91 111 2600967
91 95 2600967
129 141 2600763
26 62 2600578
26 30 2600578
143 80 2600340
1 126 2600034
112 113 2599262
131 0 2599250
112 113 2599216
3 0 2599197
3 58 2599197
3 0 2599144
3 58 2599144
58 3 2598775
91 83 2597434
91 79 2597434
91 40 2597434
91 111 2597434
91 95 2597434
143 144 2597368
112 113 2596792
112 104 2596792
112 113 2596785
112 104 2596740
112 113 2596737
104 112 2596704
112 113 2596612
112 113 2596610
112 113 2596579
95 91 2596049
112 113 2595854
112 113 2595609
112 113 2595607
112 113 2595525
58 0 2595348
58 3 2595348
26 30 2594201
26 30 2594196
26 27 2594196
119 131 2594083
119 120 2594083
50 95 2593876
95 50 2593875
72 74 2593617
0 3 2593056
0 58 2593056
0 3 2592806
0 58 2592806
112 113 2592604
119 131 2592499
119 120 2592499
112 113 2592439
113 112 2592412
19 12 2591102
26 28 2590813
19 9 2590509
111 129 2590322
112 113 2590264
112 113 2590111
112 113 2590099
113 112 2589787
1 21 2589724
112 113 2589712
112 113 2589576
112 113 2589564
112 113 2589460
112 113 2589348
113 112 2589331
112 113 2589328
125 54 2589294
125 36 2589294
0 58 2589105
0 3 2589105
26 28 2588875
26 76 2588875
26 30 2588875
26 31 2588875
112 113 2588824
0 3 2588798
0 58 2588798
112 113 2588738
58 0 2588548
58 3 2588548
91 95 2576585
91 111 2576585
91 40 2576585
91 79 2576585
91 83 2576585
131 78 2575915
143 144 2574343
95 50 2572872
50 95 2572812
113 112 2572399
136 95 2572357
131 143 2572346
78 85 2572070
3 58 2572020
111 95 2571676
111 91 2571676
111 83 2571669
0 3 2571432
0 58 2571432
0 3 2571420
0 58 2571420
131 144 2571206
18 17 2570119
18 9 2570119
18 20 2570119
18 33 2570119
113 112 2569308
131 144 2569036
112 113 2568998
104 112 2568926
112 104 2568712
111 95 2568708
104 112 2568679
112 113 2568532
112 104 2568523
41 132 2568482
41 7 2568482
58 3 2568321
112 113 2568096
112 113 2567282
68 137 2566663
68 32 2566663
68 45 2566663
74 117 2566361
91 95 2566300
91 111 2566300
91 40 2566300
91 79 2566300
91 83 2566300
112 113 2565842
18 17 2565777
18 8 2565777
18 33 2565777
111 40 2565545
111 83 2565545
95 91 2565370
91 95 2565343
91 111 2565343
91 40 2565343
95 91 2565334
91 40 2565330
91 95 2565330
91 111 2565330
0 3 2565230
0 58 2565230
68 45 2565223
68 137 2565223
68 32 2565223
1 21 2565049
112 113 2564848
112 113 2564820
125 36 2564762
112 113 2564580
143 131 2564565
143 131 2564558
131 143 2564524
18 33 2564337
18 8 2564337
18 17 2564337
71 58 2563392
1 21 2562533
112 113 2562420
112 113 2562285
143 78 2562151
28 59 2562088
71 58 2561952
83 79 2561801
143 131 2561743
94 105 2561578
112 113 2561472
112 113 2561457
111 83 2561350
143 131 2561258
0 3 2561205
0 58 2561205
0 58 2561184
0 3 2561184
112 113 2561016
0 3 2561013
0 58 2561013
112 17 2560992
131 143 2560951
131 119 2551771
112 113 2551744
112 113 2551701
112 85 2551674
112 24 2551674
112 9 2551674
112 17 2551674
112 113 2551596
21 1 2551553
143 131 2551468
7 41 2551365
3 58 2551252
3 0 2551252
3 0 2551192
3 58 2551192
125 36 2551103
112 85 2550952
112 113 2550952
112 24 2550952
112 9 2550952
112 17 2550952
143 144 2550830
131 143 2550818
112 113 2550775
113 98 2548818
7 41 2548792
1 126 2548716
18 17 2548634
113 18 2548286
113 106 2548286
113 141 2548286
113 105 2548286
113 73 2548286
113 98 2548096
125 36 2547719
113 73 2547568
113 141 2547568
113 106 2547568
113 18 2547568
3 0 2547537
3 58 2547537
58 0 2547499
58 3 2547499
1 126 2547276
143 78 2547122
62 85 2545740
62 85 2545435
3 58 2544904
3 0 2544904
112 113 2544009
68 45 2543858
68 137 2543858
68 32 2543858
68 45 2543769
68 137 2543769
68 32 2543769
0 58 2543649
0 3 2543649
76 134 2543628
76 62 2543623
119 131 2543553
119 131 2543486
71 110 2542550
71 110 2542396
95 91 2542264
79 40 2541976
95 91 2541967
18 33 2541900
18 20 2541900
18 9 2541900
18 17 2541900
112 104 2541732
17 6 2541589
17 8 2541589
112 113 2541583
95 91 2541546
95 91 2541247
71 110 2541110
78 111 2541040
71 110 2540956
112 113 2540587
79 40 2540536
112 113 2540349
112 17 2540340
131 119 2540138
18 20 2538763
136 139 2538648
112 113 2538343
112 113 2538285
112 9 2538146
112 17 2538146
112 113 2538146
112 85 2538146
112 113 2537983
62 136 2537942
136 62 2537923
131 119 2537836
131 119 2537649
112 113 2537529
112 113 2537090
78 85 2537059
131 143 2537032
143 131 2536920
131 143 2536917
131 119 2536845
78 85 2536790
85 78 2536752
113 112 2531414
62 31 2528176
62 31 2528169
111 83 2528126
111 79 2528126
79 83 2527996
112 106 2527932
121 50 2527768
50 121 2527741
121 50 2527739
121 50 2527712
112 113 2527615
131 143 2527377
131 120 2527320
131 119 2527320
112 113 2527096
0 58 2526996
58 0 2526967
58 3 2526967
62 31 2526736
62 31 2526729
111 79 2526686
111 83 2526686
119 120 2526559
79 83 2526556
112 113 2526528
58 95 2526432
58 111 2526432
111 83 2525025
111 83 2525013
126 1 2524879
18 20 2524521
18 33 2524521
18 6 2524521
8 6 2524440
95 91 2524168
111 95 2524154
112 113 2524053
112 113 2524010
111 83 2523585
131 144 2523542
112 113 2523511
126 1 2523439
112 113 2523362
112 113 2523295
112 113 2523206
0 3 2523192
0 58 2523192
131 144 2523117
113 112 2522810
95 91 2522728
111 95 2522714
1 21 2521675
111 78 2521588
111 78 2521581
131 143 2521261
41 115 2520769
111 78 2520708
1 21 2520664
131 143 2520540
131 78 2520540
112 113 2520446
1 21 2520235
131 144 2520189
58 95 2520177
58 111 2520177
111 78 2520148
111 78 2520141
143 144 2520120
111 78 2519268
1 21 2519224
111 78 2518512
111 78 2518466
111 78 2518123
111 78 2518070
111 78 2518046
111 78 2518039
111 78 2517933
112 113 2517321
112 113 2517240
111 78 2517072
111 78 2517026
112 113 2516904
45 68 2516868
111 78 2516683
111 78 2516630
111 78 2516606
111 78 2516599
111 78 2516493
58 0 2516220
58 3 2516220
45 68 2515428
18 9 2514900
18 17 2514900
18 20 2514900
18 33 2514900
115 41 2514278
136 139 2514276
112 113 2513851
58 95 2512778
58 111 2512778
68 32 2512648
68 45 2512648
68 137 2512648
112 113 2512500
112 113 2512459
143 144 2512454
112 113 2503920
111 78 2503725
111 40 2503629
111 83 2503629
111 78 2503610
136 139 2503567
112 113 2503257
112 113 2503173
112 113 2503152
78 143 2502350
78 85 2502350
111 78 2502285
112 113 2502192
111 83 2502189
111 40 2502189
91 40 2502182
91 95 2502182
111 78 2502170
120 85 2500159
141 120 2499501
78 143 2498606
113 73 2497228
1 21 2497180
1 126 2497180
1 126 2496878
1 21 2496878
117 63 2496177
61 113 2495848
1 126 2495740
1 21 2495740
1 21 2495438
1 126 2495438
18 9 2493967
136 139 2493909
112 113 2493285
104 112 2493163
104 113 2493163
111 40 2493033
111 83 2493033
112 113 2492983
112 104 2492973
18 33 2492971
104 112 2492971
104 113 2492971
136 139 2492961
0 58 2492906
58 0 2492901
58 3 2492901
120 85 2492860
139 112 2492637
18 9 2492527
120 51 2492289
120 85 2492289
120 147 2492289
131 143 2491860
143 120 2491797
143 147 2491797
0 3 2491668
0 58 2491668
111 40 2491593
111 83 2491593
18 33 2491531
74 130 2491384
104 113 2491308
136 109 2490693
106 141 2490412
105 94 2490058
111 83 2489769
112 104 2489726
72 74 2489546
104 112 2489512
104 113 2489512
3 0 2489443
3 58 2489443
144 131 2489371
112 104 2489318
143 144 2489037
104 141 2488972
143 120 2488471
143 147 2488471
111 83 2488329
72 74 2487530
112 104 2481914
74 130 2480702
1 126 2480162
104 112 2479387
104 113 2479387
136 121 2479373
104 112 2479356
104 113 2479356
20 17 2479304
112 113 2479224
112 113 2479147
112 113 2479137
113 73 2479051
58 71 2478986
58 144 2478986
112 113 2478907
104 112 2478883
104 113 2478883
131 144 2478806
131 143 2478806
0 3 2478744
0 58 2478744
1 126 2478722
113 112 2478717
112 113 2478712
112 113 2478511
122 78 2478499
122 78 2478496
112 113 2478249
143 144 2478204
9 18 2478074
143 144 2478024
112 113 2478009
112 113 2478002
18 20 2477716
113 112 2477690
111 78 2477100
139 6 2476114
139 17 2476114
112 113 2475691
112 113 2475684
111 78 2475660
112 113 2475660
18 9 2475566
112 104 2475556
112 139 2475482
139 6 2475417
139 8 2475417
139 17 2475417
113 112 2475340
112 113 2475028
112 113 2474880
117 87 2474868
117 24 2474868
117 109 2474868
117 74 2474868
120 85 2474810
131 144 2474796
112 113 2474716
112 113 2474683
113 112 2474659
40 95 2473389
40 111 2473389
40 79 2473389
40 83 2473389
139 6 2472558
139 8 2472558
139 17 2472558
139 6 2472464
139 8 2472464
139 17 2472464
112 113 2472324
1 21 2472314
94 71 2472148
117 63 2472122
112 113 2472098
112 104 2472098
40 95 2471949
40 111 2471949
40 79 2471949
40 83 2471949
104 112 2471860
112 113 2471604
143 144 2471580
0 3 2471433
0 58 2471433
112 113 2471299
112 113 2471090
1 21 2470874
0 58 2470867
0 3 2470867
40 95 2469271
40 79 2469271
40 83 2469271
112 113 2468952
112 113 2468608
122 51 2468457
122 136 2468457
122 147 2468457
122 139 2468457
139 112 2468414
143 144 2468392
112 139 2468301
112 113 2468292
139 112 2468222
131 143 2467836
131 144 2467836
111 83 2466062
111 40 2466062
121 136 2465952
18 20 2465184
0 3 2465181
0 58 2465181
58 0 2465066
58 3 2465066
112 113 2465023
112 113 2464984
58 0 2464855
58 3 2464855
111 40 2464622
111 83 2464622
112 17 2464312
61 73 2464310
112 113 2464250
18 20 2463962
112 113 2457914
143 78 2455862
141 20 2455648
20 18 2455599
18 141 2455111
112 113 2454952
3 0 2454866
3 58 2454866
117 63 2454854
20 141 2454828
112 113 2454607
143 78 2454422
112 113 2454213
112 113 2454172
113 112 2454076
112 113 2453949
143 144 2453661
143 144 2453644
87 24 2453383
87 109 2453383
141 33 2452874
141 73 2452874
141 20 2452874
1 21 2452720
78 143 2452108
111 40 2452034
111 83 2452034
78 143 2451996
1 21 2451592
112 113 2451472
1 21 2451280
148 113 2451254
0 3 2451196
0 58 2451196
112 113 2451124
112 104 2450767
112 113 2450767
112 113 2450740
112 113 2450738
112 9 2450738
112 17 2450738
111 40 2450594
111 83 2450594
58 0 2450229
1 21 2450152
18 17 2450049
139 136 2449226
8 6 2448632
8 17 2448632
8 6 2448619
8 17 2448619
8 139 2448619
131 143 2448403
131 78 2448403
78 131 2448362
78 143 2448362
131 143 2447728
112 113 2447596
143 131 2447505
0 3 2447061
0 58 2447061
131 143 2446963
131 78 2446963
131 143 2446948
131 78 2446948
87 24 2446692
3 0 2446680
3 58 2446680
72 86 2446572
139 122 2445535
72 65 2445024
112 113 2444505
143 78 2444287
143 144 2444042
122 139 2444023
143 144 2444023
112 113 2443917
143 144 2443588
117 63 2443586
0 3 2443524
0 58 2443524
18 32 2443096
40 95 2441577
40 83 2441577
143 131 2441035
112 113 2440953
113 112 2440699
17 6 2440579
112 6 2440190
112 17 2440190
112 139 2440190
18 17 2440188
18 20 2440188
18 33 2440188
40 95 2440137
40 83 2440137
3 0 2439909
3 58 2439909
113 112 2430640
139 33 2430367
139 8 2430367
139 19 2430367
139 9 2430367
139 17 2430367
117 90 2430364
139 6 2430364
139 17 2430364
117 90 2430360
0 58 2430141
0 3 2430141
112 113 2429649
87 24 2429484
87 109 2429484
143 78 2429172
143 85 2428370
139 136 2427679
143 85 2426930
139 6 2426844
139 17 2426844
113 112 2426695
111 95 2426625
112 113 2426467
143 131 2426258
143 144 2426234
112 113 2423908
112 113 2423846
3 58 2423481
3 0 2423481
111 78 2423424
112 139 2423068
112 113 2422996
144 143 2422980
131 143 2422920
143 78 2422908
112 113 2422862
111 78 2422838
111 83 2422485
74 130 2422058
112 113 2420875
112 113 2420354
6 8 2420353
131 144 2420119
17 139 2419989
17 8 2419989
17 6 2419989
112 113 2419984
113 112 2419968
112 139 2419908
112 139 2419872
112 139 2419845
131 144 2419821
131 144 2419792
112 113 2419600
3 58 2419538
3 0 2419538
79 40 2419516
131 144 2419447
143 144 2419296
111 40 2418919
111 83 2418919
111 95 2418912
139 8 2417559
139 6 2417559
132 41 2417488
132 78 2417205
112 113 2417119
112 113 2417090
91 40 2417071
91 83 2417071
112 113 2416843
112 113 2416579
58 0 2416560
58 3 2416560
112 113 2416538
143 144 2416300
112 139 2416286
112 113 2415993
112 113 2415909
112 113 2415866
112 113 2415861
58 0 2415748
58 95 2415739
58 111 2415739
6 8 2414685
6 9 2414685
111 78 2414131
112 113 2410634
112 113 2410615
131 78 2407468
112 113 2406525
0 58 2406465
105 14 2406459
6 8 2406337
41 132 2406218
1 21 2406072
1 21 2406057
112 113 2406048
131 143 2406048
1 21 2406045
143 131 2406036
131 78 2406036
112 113 2406007
112 113 2405964
111 40 2405880
111 83 2405880
143 78 2405875
112 113 2405745
112 113 2405740
112 113 2405721
112 113 2405712
113 112 2405676
112 113 2405668
112 139 2405640
112 139 2405527
139 112 2405349
143 144 2405263
78 143 2403201
112 113 2403002
0 3 2403002
0 58 2403002
105 141 2402915
105 106 2402915
139 6 2402820
112 113 2402683
3 0 2402640
3 58 2402640
112 113 2402577
112 113 2402373
112 113 2402349
112 113 2402145
143 144 2402004
78 143 2401761
111 61 2401639
143 78 2401209
112 113 2400422
112 113 2400415
112 113 2400398
143 78 2399757
112 113 2399601
83 40 2399311
143 131 2399263
18 20 2399251
112 113 2399244
112 113 2399023
113 112 2398992
112 113 2398934
112 113 2398857
112 113 2398814
111 95 2398768
113 112 2398756
112 113 2398701
131 143 2398466
111 83 2398329
113 112 2398190
132 78 2396918
143 144 2395908
131 143 2395701
119 120 2395687
111 78 2395440
131 144 2395365
131 143 2395365
58 0 2395140
58 0 2395099
143 78 2395092
111 78 2394837
143 78 2394820
139 119 2393359
131 78 2393234
112 113 2392917
112 148 2392845
78 143 2392718
78 85 2392718
112 113 2392658
143 144 2392257
71 94 2391900
131 78 2391794
143 78 2391763
71 94 2391751
139 9 2390296
131 78 2383588
131 78 2382799
78 143 2382746
6 8 2382654
6 19 2382654
6 139 2382654
112 113 2382384
112 113 2382374
112 113 2382372
112 113 2382367
9 18 2382153
9 12 2382153
9 17 2382153
9 139 2382153
9 20 2382153
9 113 2382153
9 149 2382153
9 19 2382153
94 71 2382079
131 78 2382004
58 95 2382002
58 111 2382002
95 40 2381997
131 3 2381992
40 79 2381829
40 83 2381829
40 111 2381829
40 95 2381829
131 78 2381704
117 109 2381671
40 95 2381616
40 111 2381616
40 79 2381616
40 83 2381616
117 109 2381582
112 113 2381419
112 113 2381349
112 113 2381318
112 113 2381253
0 3 2381220
0 58 2381220
131 78 2381215
95 79 2381191
95 83 2381191
95 111 2381191
95 40 2381191
131 78 2381104
131 78 2380209
78 143 2380070
78 143 2379100
131 78 2378630
131 78 2378625
95 91 2378522
95 40 2378522
78 143 2378486
95 40 2378061
131 144 2377881
113 112 2377872
143 78 2377555
143 131 2377514
143 131 2377413
143 131 2377408
112 139 2375839
112 113 2375824
112 113 2375800
139 6 2375182
139 8 2375182
139 17 2375182
143 78 2375181
143 131 2375133
58 3 2375102
85 112 2375083
131 143 2374852
0 3 2374644
0 58 2374644
112 113 2374365
91 95 2374336
0 58 2374315
58 3 2374296
58 0 2374296
3 0 2374180
3 58 2374180
139 136 2373180
139 6 2372103
139 17 2372103
139 6 2372096
139 17 2372096
143 131 2372030
143 78 2372030
139 6 2371614
139 17 2371614
58 0 2371605
58 3 2371605
119 120 2371058
112 113 2370753
58 111 2370573
58 95 2370573
0 58 2370547
0 3 2370547
143 131 2370446
143 78 2370446
139 136 2368660
0 3 2368116
0 58 2368116
111 91 2368008
111 95 2368008
143 131 2367854
144 131 2367100
143 131 2367079
112 113 2364223
112 113 2361453
112 113 2358487
112 113 2358340
112 148 2358336
112 6 2358321
112 17 2358321
112 139 2358321
112 113 2358321
112 9 2358321
6 17 2358253
6 8 2358253
112 113 2358223
6 8 2358178
6 19 2358178
6 139 2358178
131 144 2358175
58 0 2358048
0 3 2357956
0 58 2357956
113 112 2357880
113 149 2357880
58 111 2357827
58 95 2357827
117 130 2357661
112 113 2357522
112 9 2357522
112 17 2357522
112 139 2357522
113 112 2357503
95 91 2357491
95 40 2357491
95 79 2357491
112 113 2357354
112 113 2357232
148 149 2357227
112 113 2357210
112 113 2357164
149 9 2357128
149 24 2357128
149 90 2357128
149 87 2357128
149 148 2357128
149 113 2357128
149 112 2357128
149 114 2357128
149 78 2357128
112 113 2357121
148 149 2357073
131 143 2357032
148 149 2356999
148 149 2356963
113 112 2354822
143 78 2354565
112 113 2354556
85 120 2354544
144 143 2354510
58 95 2354378
58 111 2354378
143 144 2354292
144 131 2354114
131 143 2354097
131 144 2353857
144 131 2353737
112 113 2353696
131 144 2353684
148 149 2353500
112 113 2351383
112 113 2351376
95 91 2351248
58 95 2351184
58 111 2351184
148 149 2351073
112 113 2351073
95 91 2350982
58 0 2350939
139 6 2350932
139 17 2350932
95 91 2350908
112 71 2350826
71 58 2350442
143 131 2350351
143 131 2350339
111 95 2350339
112 149 2350272
112 113 2350272
112 113 2350262
112 113 2350236
112 113 2350164
112 113 2350149
112 113 2350142
112 113 2350137
112 113 2350118
58 111 2350075
1 126 2349820
105 141 2348535
105 94 2348519
111 83 2348378
112 113 2348140
112 113 2347917
112 113 2347903
131 143 2347648
131 144 2347648
58 3 2347627
112 139 2347620
58 95 2347418
58 111 2347418
112 113 2347329
112 113 2346813
112 149 2346712
112 113 2346712
111 83 2346319
112 113 2344761
112 149 2344761
112 113 2344744
112 113 2344159
58 95 2344092
58 111 2344092
112 113 2343804
112 149 2343655
112 113 2343655
112 113 2343638
112 113 2343600
148 149 2343412
112 113 2343278
3 0 2343062
3 58 2343062
71 58 2337374
94 73 2335740
131 144 2333820
58 0 2333589
0 58 2333575
58 0 2333568
58 111 2333560
112 113 2333294
112 113 2333193
112 113 2333188
112 113 2333145
112 149 2333136
112 113 2333136
112 113 2333042
112 24 2333042
112 113 2333008
58 71 2330599
112 113 2330558
112 113 2330407
112 9 2330407
149 113 2330400
149 112 2330400
71 58 2330392
112 149 2330248
112 9 2330248
112 17 2330248
112 139 2330248
8 6 2330157
8 17 2330157
131 143 2329747
112 113 2329408
112 113 2329396
58 0 2329375
117 74 2329257
117 140 2329257
112 24 2327469
112 113 2327388
112 113 2326970
143 78 2326963
112 113 2326958
78 143 2326852
143 78 2326850
78 143 2326730
112 113 2326692
144 58 2326684
143 131 2326651
58 3 2326636
58 144 2326617
112 113 2326598
149 112 2326588
112 113 2326536
117 86 2326308
112 113 2326137
112 149 2326125
112 113 2326125
112 113 2326094
144 143 2325976
144 131 2325976
112 148 2323958
112 113 2323934
143 78 2323836
143 85 2323836
143 131 2323788
143 144 2323788
78 143 2323648
78 85 2323648
112 113 2323629
131 143 2323615
131 144 2323615
112 113 2323600
112 113 2323567
0 78 2323310
144 131 2323264
144 131 2323233
3 58 2323046
3 0 2323046
112 113 2322892
113 112 2322765
112 113 2322765
112 113 2322760
112 113 2322712
112 113 2322650
131 85 2322638
112 113 2322600
112 113 2322528
112 104 2322518
112 113 2322504
117 24 2322453
78 143 2322355
78 85 2322355
143 78 2322172
8 6 2320950
8 17 2320950
78 143 2320104
58 0 2320051
58 3 2320051
112 149 2319993
143 78 2319909
1 21 2319828
131 143 2319753
143 144 2319652
3 58 2319633
3 0 2319633
3 0 2319573
3 58 2319573
112 113 2319499
58 3 2319456
112 149 2319343
112 113 2319273
112 113 2319232
112 113 2319216
112 113 2319189
112 113 2319168
112 113 2319146
58 3 2319120
149 112 2319007
149 113 2319007
149 24 2319007
58 3 2318940
149 112 2318887
149 113 2318887
149 24 2318887
143 144 2318668
1 21 2312923
1 21 2312769
1 21 2312649
112 113 2312464
112 113 2312445
112 113 2312438
3 0 2309488
3 58 2309488
0 3 2309265
0 58 2309265
3 0 2309253
3 58 2309253
117 87 2309193
71 94 2309020
117 87 2309008
21 1 2308872
143 78 2306272
143 78 2306270
131 143 2305953
117 109 2305927
117 114 2305927
117 24 2305927
117 87 2305927
112 113 2305543
112 113 2305540
112 113 2305401
131 143 2305399
112 113 2305370
112 113 2305365
112 113 2305327
111 83 2305200
78 143 2304984
143 144 2304909
111 83 2304854
139 6 2303502
139 8 2303502
139 17 2303502
112 113 2303097
112 113 2303076
112 17 2303071
112 139 2303071
112 113 2302840
112 113 2302800
58 3 2302219
112 113 2301986
112 113 2301931
131 143 2301775
112 113 2299773
131 143 2299274
117 109 2299272
117 114 2299272
117 24 2299272
117 87 2299272
112 113 2299245
85 78 2298914
112 113 2298715
61 111 2298710
111 73 2298619
112 24 2298489
112 113 2298489
112 113 2298475
112 24 2298475
58 3 2298410
83 40 2298100
95 40 2298067
95 83 2298067
111 73 2297990
112 113 2296176
112 113 2295998
112 24 2295998
112 113 2295991
112 24 2295991
117 109 2295964
117 114 2295964
117 24 2295964
117 87 2295964
131 143 2295866
112 149 2295808
112 24 2295808
112 113 2295808
114 117 2295432
58 71 2295247
58 0 2295108
58 3 2295108
58 0 2295105
58 3 2295105
3 0 2295079
3 58 2295079
113 112 2295060
112 113 2295045
113 112 2294923
113 112 2294868
131 143 2294810
131 144 2294810
117 87 2294702
117 87 2294676
112 24 2291767
112 113 2291767
112 113 2285892
112 24 2285892
113 112 2285479
112 113 2285402
119 120 2285325
112 113 2285040
131 144 2284860
21 1 2284730
112 113 2284600
143 144 2284567
58 0 2284152
58 3 2284152
113 112 2284063
139 8 2282561
149 24 2282107
149 113 2282107
149 148 2282107
149 112 2282107
117 109 2281946
117 114 2281946
117 24 2281946
117 87 2281946
58 144 2281838
58 0 2281555
143 131 2281310
131 144 2281166
41 139 2281161
143 131 2280916
85 78 2280900
143 131 2280717
143 144 2280681
112 113 2279008
112 113 2278838
61 111 2278668
117 109 2278665
117 114 2278665
117 24 2278665
117 87 2278665
131 143 2278632
112 113 2278622
112 24 2278622
131 143 2278552
112 139 2278492
112 113 2278488
112 17 2278444
58 3 2278173
112 113 2278024
112 149 2277811
112 113 2277811
117 87 2277768
117 24 2277768
117 114 2277768
117 109 2277768
131 143 2277722
112 113 2277626
112 113 2275600
112 113 2275584
112 113 2275557
112 139 2275545
111 83 2275406
111 95 2275406
112 113 2275257
112 24 2275257
112 113 2275248
112 113 2274933
112 113 2274873
112 113 2274739
91 95 2274698
112 113 2274429
112 113 2274384
91 40 2274345
112 149 2274247
112 24 2274247
95 91 2274069
58 0 2274045
58 3 2274045
95 91 2274019
143 78 2273877
112 113 2271943
112 113 2271619
112 113 2271547
131 143 2271501
9 33 2271401
9 6 2271401
9 17 2271401
112 113 2271345
91 95 2270692
111 83 2268439
112 113 2268021
112 113 2267995
112 24 2267995
139 6 2262199
139 17 2262199
139 6 2261876
139 17 2261876
112 24 2261493
112 113 2261493
143 78 2261352
0 3 2261318
0 58 2261318
112 113 2261296
112 24 2261296
112 113 2261268
112 24 2261268
143 131 2261193
112 113 2261126
112 24 2261126
112 113 2260490
112 24 2260490
91 40 2260245
41 132 2260190
85 120 2260029
139 6 2257887
139 8 2257887
139 17 2257887
0 3 2257584
0 58 2257584
112 113 2257560
112 24 2257560
143 131 2257548
112 24 2257399
112 113 2257399
112 113 2257341
112 24 2257341
112 113 2257257
1 21 2256984
131 143 2256808
1 21 2256686
149 112 2256667
149 113 2256667
8 139 2256158
112 113 2255244
112 24 2255244
112 113 2255232
112 24 2255232
112 113 2255227
8 139 2254430
143 144 2254300
143 144 2254221
58 0 2253828
0 3 2253696
0 58 2253696
131 144 2253537
0 3 2253170
0 58 2253170
139 6 2251452
139 17 2251452
112 24 2251425
112 113 2251425
112 113 2251324
112 24 2251324
112 113 2251214
112 24 2251214
112 113 2251202
112 104 2251173
104 112 2251140
104 113 2251140
112 104 2251034
112 113 2251034
131 143 2250938
149 112 2250753
149 113 2250753
149 24 2250753
112 113 2250732
112 24 2250732
112 113 2250328
112 148 2250319
112 24 2250136
112 113 2250136
117 109 2249908
139 6 2249724
139 17 2249724
112 113 2243311
112 113 2237743
112 113 2237738
112 24 2237738
112 24 2237733
112 113 2237733
112 113 2237716
112 24 2237716
112 113 2237709
112 24 2237709
112 113 2237704
117 109 2237145
117 114 2237145
117 24 2237145
117 87 2237145
0 58 2237013
85 120 2236320
117 114 2236063
120 85 2236012
112 113 2235940
91 40 2235556
91 83 2235556
91 95 2235556
91 111 2235556
79 139 2234709
79 111 2234709
17 6 2234212
17 139 2234212
17 9 2234212
112 104 2233936
112 113 2233833
112 71 2233723
112 113 2233723
120 85 2233574
149 112 2233291
149 113 2233291
79 111 2233264
79 40 2233264
79 83 2233264
149 113 2233180
149 24 2233180
149 148 2233180
149 112 2233180
79 111 2233125
79 139 2233125
149 112 2233094
149 148 2233094
149 113 2233094
149 24 2233094
131 143 2232919
112 113 2232876
112 24 2232876
112 139 2232573
149 112 2232559
149 148 2232559
149 113 2232559
149 24 2232559
58 3 2232554
58 0 2232554
112 139 2232518
143 131 2232506
112 113 2232403
112 24 2232403
112 113 2232381
112 24 2232381
112 113 2232376
113 112 2232103
112 113 2230550
112 113 2230468
112 24 2230468
131 143 2230221
131 143 2230113
0 3 2230111
0 58 2230111
58 3 2229936
131 143 2229912
131 143 2229811
112 113 2229782
112 24 2229782
91 139 2229712
21 1 2229393
112 113 2229381
112 24 2229381
58 0 2229324
58 3 2229324
112 139 2229225
112 113 2229062
112 24 2229062
111 91 2228846
112 113 2228714
112 24 2228714
112 113 2228709
112 141 2226928
58 3 2226741
58 0 2226741
58 71 2226554
58 0 2226554
58 3 2226554
113 112 2225904
112 113 2225865
112 24 2225865
112 139 2225824
111 91 2225421
112 113 2223511
111 83 2223360
131 143 2223259
112 113 2223168
112 24 2223168
117 109 2223158
117 140 2223117
112 113 2223096
112 113 2223028
111 61 2222968
58 0 2222810
58 3 2222810
112 113 2222781
112 113 2222774
112 24 2222774
58 3 2222404
58 144 2222232
0 3 2222210
0 58 2222210
148 90 2221992
148 87 2221992
148 86 2221992
148 24 2221992
148 114 2221992
148 140 2221992
148 109 2221992
148 149 2221992
148 74 2221992
148 63 2221992
148 72 2221992
148 130 2221992
148 117 2221992
148 78 2221992
111 83 2221924
72 74 2219956
72 140 2219956
72 86 2219956
72 90 2219956
112 113 2216899
112 24 2216899
112 139 2216865
131 143 2213016
9 139 2212917
9 12 2212917
9 113 2212917
9 20 2212917
120 78 2212730
120 85 2212730
111 61 2212692
131 143 2212564
112 113 2212464
91 111 2212293
111 91 2212286
112 113 2212046
112 24 2212046
112 113 2212039
112 113 2211984
112 113 2211976
91 111 2211684
111 91 2211669
111 95 2211669
61 111 2209276
112 113 2209260
112 24 2209260
112 113 2209195
112 24 2209195
117 109 2209190
112 113 2208861
0 58 2208722
0 3 2208722
149 112 2208561
149 148 2208561
149 113 2208561
149 24 2208561
112 113 2208499
112 24 2208499
112 113 2206648
112 24 2206648
131 143 2206070
117 109 2205955
117 114 2205955
117 24 2205955
117 87 2205955
58 144 2205600
91 111 2205249
111 61 2205045
112 113 2203502
112 24 2203502
112 104 2202883
112 113 2202348
112 24 2202348
117 24 2202328
112 113 2202192
113 112 2202055
112 113 2202043
111 95 2201656
111 95 2199129
1 21 2199088
112 113 2199055
112 24 2199055
113 112 2198949
113 112 2198940
1 21 2198544
111 79 2198527
79 111 2198505
131 144 2198335
58 144 2198210
1 21 2198157
1 21 2198150
112 113 2198148
112 24 2198148
112 113 2198131
112 24 2198131
113 149 2197920
113 112 2197920
111 83 2197735
111 83 2196259
140 130 2193823
112 113 2193160
112 24 2193160
149 112 2190295
149 148 2190295
149 113 2190295
149 24 2190295
112 113 2189208
112 149 2189203
112 113 2189203
79 91 2188406
79 111 2188406
79 139 2188406
143 131 2188332
131 143 2188250
143 78 2187866
131 144 2187645
139 6 2186901
139 17 2186901
112 113 2185516
112 24 2185516
91 139 2185449
149 112 2185224
149 148 2185224
149 113 2185224
149 24 2185224
139 6 2185173
139 17 2185173
58 0 2185135
58 3 2185135
112 113 2185132
1 21 2185058
143 131 2184621
1 21 2184612
131 144 2184441
149 112 2184134
149 148 2184134
149 113 2184134
149 24 2184134
0 3 2184069
0 58 2184069
0 3 2184024
0 58 2184024
58 0 2181799
58 3 2181799
112 113 2181739
112 24 2181739
112 113 2181736
112 24 2181736
112 24 2181734
112 113 2181734
91 95 2181549
91 139 2181520
58 95 2181276
58 111 2181276
117 109 2181276
117 114 2181276
117 24 2181276
117 87 2181276
91 111 2180973
111 91 2180954
58 0 2180676
58 3 2180676
91 111 2180661
111 91 2180632
91 111 2180596
111 91 2180584
112 24 2180524
112 113 2180524
91 111 2180493
143 131 2178129
117 90 2178105
117 90 2178076
112 113 2178038
112 24 2178038
1 21 2177846
1 21 2177788
149 112 2177172
149 148 2177172
149 113 2177172
149 24 2177172
143 131 2176982
112 113 2174944
111 73 2174781
112 113 2174280
73 111 2174263
58 144 2173927
112 24 2172045
112 113 2172045
112 113 2172033
112 113 2164917
112 24 2164917
112 149 2164876
112 113 2164876
112 113 2164603
112 24 2164603
0 3 2164509
0 58 2164509
148 112 2164267
148 149 2164267
148 113 2164267
148 24 2164267
139 112 2164236
112 113 2163938
112 113 2163931
112 149 2163931
112 113 2163876
112 113 2163729
112 24 2163729
139 112 2163424
112 113 2160936
112 24 2160936
112 113 2160895
112 24 2160895
112 113 2160482
112 24 2160482
136 75 2160403
136 122 2160403
136 139 2160403
136 147 2160403
136 121 2160403
136 51 2160403
136 91 2160403
136 41 2160403
136 95 2160403
112 113 2160268
112 24 2160268
112 113 2160052
112 24 2160052
112 24 2160036
112 113 2160036
58 0 2159990
58 3 2159990
91 40 2159731
111 73 2157748
58 0 2157528
58 3 2157528
112 113 2157436
112 113 2157408
122 121 2157259
112 113 2157196
139 91 2157079
58 0 2156940
58 0 2156923
112 113 2156844
112 24 2156844
112 113 2156716
112 24 2156716
111 95 2156594
143 131 2156452
111 83 2156222
112 113 2154456
112 24 2154456
112 113 2154324
58 0 2154175
58 3 2154175
112 24 2154168
112 113 2154168
139 112 2154098
112 139 2154086
139 112 2154079
112 139 2154021
112 113 2153985
112 113 2153752
112 113 2153397
112 24 2153397
112 24 2153306
112 113 2153306
112 113 2153304
112 24 2153304
112 113 2153282
112 24 2153282
111 73 2151384
113 112 2150788
112 113 2150721
112 113 2150714
144 143 2150440
112 113 2150308
112 24 2150308
143 78 2150210
143 78 2150006
143 85 2150006
112 113 2146356
112 24 2146356
112 113 2146327
112 24 2146327
112 9 2146317
112 139 2146317
112 113 2146310
112 24 2146310
112 113 2144678
112 24 2144678
112 24 2144673
112 113 2144673
112 113 2144656
143 122 2139919
112 9 2139367
112 113 2139307
58 0 2139247
58 0 2136796
79 111 2136784
143 78 2136612
9 112 2136357
112 113 2136180
111 61 2133732
132 143 2132937
149 113 2132594
149 9 2132594
149 24 2132594
149 112 2132594
149 73 2132594
149 105 2132594
112 149 2130945
112 113 2130945
112 113 2130919
112 24 2130919
143 144 2129596
91 95 2129056
68 137 2128764
68 76 2128764
68 45 2128764
113 112 2122680
112 113 2116555
112 24 2116555
112 113 2116545
112 24 2116545
112 113 2116543
112 24 2116543
131 143 2116303
143 144 2116020
131 143 2115787
131 143 2115746
131 143 2115475
112 113 2113128
112 24 2113128
143 144 2112746
6 8 2112549
144 143 2112532
111 95 2112410
139 9 2112410
139 17 2112410
1 126 2112384
112 113 2111865
112 24 2111865
112 113 2111848
112 113 2111724
112 149 2111707
131 143 2109331
143 131 2109031
143 131 2109028
131 143 2109007
149 90 2108378
111 83 2107908
112 113 2106602
112 113 2106597
112 113 2106583
143 78 2104864
143 122 2104864
143 78 2104740
143 78 2104634
1 126 2104406
1 21 2104396
112 113 2103604
112 113 2103127
112 149 2103127
78 143 2102318
58 0 2102311
143 78 2102193
78 143 2102049
1 21 2102008
9 112 2101996
9 113 2101996
112 113 2099815
112 113 2098274
131 143 2092113
0 3 2090704
0 58 2090704
112 113 2088945
117 24 2088763
117 87 2088763
117 114 2088763
117 109 2088763
117 109 2088741
117 114 2088741
117 24 2088741
117 87 2088741
113 112 2088386
9 18 2088350
9 17 2088350
9 112 2088350
139 6 2088232
139 17 2088232
112 113 2088218
112 24 2088218
58 0 2088194
58 3 2088194
58 0 2088146
58 3 2088146
58 3 2087968
58 0 2087968
112 113 2087652
112 113 2085516
112 113 2085506
112 24 2085506
112 113 2085412
112 113 2085352
112 113 2085336
112 24 2085336
117 109 2085156
117 114 2085156
117 24 2085156
117 87 2085156
111 95 2084940
111 40 2084935
113 112 2084858
112 113 2084750
112 24 2084527
112 113 2084527
112 24 2084510
112 113 2084510
112 113 2084395
112 24 2084395
112 113 2084380
112 113 2084368
112 24 2084368
112 24 2084222
112 113 2084222
40 125 2084176
73 111 2083855
111 73 2083792
112 113 2081666
112 24 2081666
113 104 2080759
113 112 2080732
112 113 2080680
112 149 2080680
113 112 2080572
111 83 2078217
111 83 2078131
112 113 2070667
112 24 2070667
40 91 2067196
112 113 2067081
112 24 2067081
112 149 2067081
112 113 2064837
112 24 2064837
112 113 2061432
112 24 2061432
68 76 2060894
68 45 2060894
68 137 2060894
111 95 2060565
21 1 2060534
21 1 2060464
68 137 2060407
1 125 2060102
113 112 2058088
111 95 2057779
112 148 2057707
112 149 2057707
112 113 2057707
112 113 2057155
112 148 2057155
112 149 2057155
21 1 2056612
112 113 2056593
112 9 2056593
112 17 2056593
112 139 2056593
112 113 2056569
112 148 2056569
112 149 2056569
112 113 2043120
1 21 2042884
21 1 2042808
112 113 2040448
117 114 2040295
117 109 2040256
117 114 2040256
117 24 2040256
117 87 2040256
112 148 2039546
112 149 2039546
112 113 2039546
21 1 2039313
21 1 2039311
112 113 2039181
112 148 2039167
58 0 2039121
58 0 2039104
58 3 2039104
113 112 2038888
112 148 2037141
112 149 2037141
112 113 2037141
112 149 2036702
112 113 2036702
112 24 2036702
85 143 2036700
112 113 2036392
112 149 2036380
112 113 2036380
112 24 2036380
112 149 2036032
112 113 2036032
112 148 2036032
112 149 2036025
112 113 2036025
112 24 2036025
112 113 2035862
85 143 2035317
112 148 2033560
113 112 2033524
113 112 2033505
143 85 2033284
131 143 2033260
112 149 2032550
112 113 2032550
112 9 2032550
112 139 2032550
112 113 2032516
112 113 2030100
112 113 2029778
149 112 2029668
149 24 2029668
149 112 2029603
149 113 2029603
149 9 2029603
149 112 2029461
149 24 2029461
112 148 2029255
112 148 2029236
85 143 2028607
91 139 2028592
117 72 2028453
72 117 2028405
113 73 2022028
113 141 2022028
113 106 2022028
113 112 2018901
73 111 2018155
112 113 2016396
112 113 2015724
112 149 2015724
131 143 2015721
148 63 2015594
148 72 2015594
148 74 2015594
148 117 2015594
148 78 2015594
148 130 2015594
148 149 2015594
148 109 2015594
148 140 2015594
148 114 2015594
148 24 2015594
148 86 2015594
148 87 2015594
148 90 2015594
143 131 2015380
112 113 2015145
148 63 2015140
148 90 2015140
148 87 2015140
148 24 2015140
148 114 2015140
148 140 2015140
148 109 2015140
148 149 2015140
148 130 2015140
148 78 2015140
148 117 2015140
148 112 2015140
148 74 2015140
148 72 2015140
112 149 2015131
112 113 2015128
112 149 2015128
143 144 2015114
144 143 2015047
58 0 2015030
58 3 2015030
117 72 2014778
126 40 2014752
112 149 2012836
112 113 2012836
104 106 2012632
104 18 2012632
104 20 2012632
104 61 2012632
104 105 2012632
104 141 2012632
104 73 2012632
104 33 2012632
104 106 2012628
104 18 2012628
104 20 2012628
104 61 2012628
104 73 2012628
104 141 2012628
104 105 2012628
104 33 2012628
58 0 2012565
20 33 2012464
112 113 2012037
112 149 2011977
112 113 2011977
112 24 2011977
113 112 2011941
149 24 2011912
112 113 2011879
112 24 2011874
112 113 2011874
112 149 2011874
9 18 2011855
9 17 2011855
9 8 2011855
111 73 2011848
18 9 2011840
112 149 2011768
112 113 2011768
104 106 2011672
104 20 2011672
104 61 2011672
104 18 2011672
104 141 2011672
104 105 2011672
104 73 2011672
104 33 2011672
9 8 2011670
9 18 2011670
9 17 2011670
149 112 2011668
112 113 2011656
112 113 2011605
112 113 2011557
139 91 2011536
58 144 2011382
148 90 2011344
148 87 2011344
148 149 2011344
148 114 2011344
148 140 2011344
148 109 2011344
148 24 2011344
148 130 2011344
148 117 2011344
148 74 2011344
148 72 2011344
148 63 2011344
148 78 2011344
112 113 2009325
112 113 2009311
113 112 2009282
112 113 2009112
112 24 2009112
112 149 2009112
112 149 2008843
112 113 2008843
112 149 2008821
112 113 2008821
9 33 2008800
9 18 2008800
20 33 2008780
104 106 2008704
104 18 2008704
104 20 2008704
104 61 2008704
104 33 2008704
104 141 2008704
104 105 2008704
104 73 2008704
104 33 2008701
104 73 2008701
104 105 2008701
104 141 2008701
104 106 2008701
104 61 2008701
104 20 2008701
104 18 2008701
104 18 2008699
104 20 2008699
104 106 2008699
104 61 2008699
104 141 2008699
104 33 2008699
104 105 2008699
104 73 2008699
112 9 2008687
112 149 2008687
112 113 2008687
113 149 2008569
134 62 2008497
112 149 2008488
112 113 2008488
3 78 2008312
112 148 2008255
8 9 2008240
8 17 2008240
8 9 2008197
8 17 2008197
112 17 2008185
112 139 2008185
112 113 2008168
113 112 2008166
113 112 2008164
112 113 2008152
125 122 2008072
149 113 2008068
122 125 2008056
149 112 2008010
9 33 2007962
9 18 2007962
9 17 2007962
9 139 2007962
136 139 2007955
78 3 2007945
0 3 2007914
0 58 2007914
149 112 2007859
149 78 2007859
149 109 2007859
149 87 2007859
117 72 2007842
139 136 2007794
20 18 2007660
58 144 2005814
8 17 2005476
1 126 2005425
1 126 2005411
148 112 2005382
148 112 2005207
112 149 2005185
112 113 2005171
149 109 2005164
149 24 2005164
149 87 2005164
149 9 2005164
149 112 2005135
139 91 2005065
112 149 2004948
112 149 2004844
112 113 2004844
149 109 2004823
149 24 2004823
149 87 2004823
149 112 2004806
149 109 2004806
149 87 2004806
68 76 2004787
68 45 2004787
68 137 2004787
68 76 2004760
68 45 2004760
68 137 2004760
149 112 2004748
149 148 2004664
149 24 2004664
149 112 2004664
149 113 2004621
149 112 2004621
112 113 2004607
112 24 2004607
0 3 2004511
0 58 2004511
0 3 2004369
0 58 2004369
148 112 2004336
94 71 1995172
17 6 1995026
17 8 1995026
17 139 1995026
139 9 1994988
139 8 1994834
139 17 1994834
139 6 1994834
58 3 1994690
58 0 1994690
112 113 1994594
18 9 1994445
9 17 1994275
9 139 1994275
9 18 1994275
9 33 1994275
18 9 1993915
18 9 1993857
139 9 1991558
139 17 1991558
112 149 1991544
112 113 1991544
112 9 1991544
111 73 1991484
139 91 1991299
58 3 1991224
112 113 1991054
112 24 1991054
21 1 1990903
112 149 1990898
0 3 1990795
0 58 1990795
24 112 1990759
139 9 1990732
111 132 1990096
9 139 1989074
19 8 1988580
19 139 1988580
58 71 1988510
131 144 1988407
71 94 1988078
94 71 1988047
71 94 1987992
143 41 1987912
41 143 1987797
9 33 1987497
9 18 1987497
9 17 1987497
8 19 1987468
8 139 1987468
1 21 1987464
139 8 1987440
139 17 1987440
149 112 1987236
58 144 1987202
139 8 1987183
149 112 1987116
104 73 1987044
94 71 1985829
9 18 1984807
9 20 1984807
9 33 1984807
58 0 1984742
58 3 1984742
139 8 1984706
139 17 1984706
58 0 1984665
58 3 1984665
9 18 1984536
41 143 1984504
8 17 1984286
8 6 1984286
149 71 1984020
149 71 1983883
0 3 1983628
0 58 1983628
58 144 1983626
9 12 1982176
9 17 1982176
9 18 1982176
9 33 1982176
9 8 1982176
112 113 1981656
0 58 1981190
1 21 1981166
112 113 1981137
1 21 1981106
148 112 1981099
148 149 1981099
6 8 1980885
149 71 1980878
112 113 1980852
139 6 1980746
8 17 1980708
8 139 1980708
112 24 1980427
143 131 1980427
17 8 1980237
17 139 1980237
17 8 1980096
17 139 1980096
139 79 1978936
139 79 1978917
139 79 1978896
24 112 1977350
112 24 1971410
112 113 1971379
112 149 1971081
112 113 1971081
112 24 1971081
58 144 1970894
149 112 1970820
149 24 1970820
0 58 1970815
0 3 1970815
17 139 1970750
104 33 1970709
104 73 1970709
104 105 1970709
104 141 1970709
104 106 1970709
104 61 1970709
104 20 1970709
104 18 1970709
8 6 1970668
8 17 1970668
8 139 1970668
8 17 1970628
17 139 1970409
9 17 1970407
139 79 1970373
113 112 1970313
68 45 1970306
6 8 1970215
9 139 1970037
18 33 1969824
68 76 1969824
68 45 1969824
68 137 1969824
112 149 1967913
112 113 1967913
112 149 1967733
112 113 1967733
112 113 1967719
58 144 1967522
8 6 1967428
8 17 1967428
58 3 1967318
58 0 1967318
1 21 1967277
113 112 1967248
112 113 1967246
113 112 1967244
112 113 1967234
113 112 1967227
112 113 1967217
112 113 1967035
112 149 1967035
58 144 1966965
113 112 1966963
148 112 1966896
148 113 1966896
0 3 1966860
0 58 1966860
112 149 1966804
112 113 1966804
112 113 1966732
17 139 1966723
139 8 1966600
139 17 1966600
1 21 1966423
20 18 1966084
58 3 1964044
58 144 1964032
139 41 1964018
139 91 1964018
139 17 1963756
68 76 1963689
68 45 1963689
68 137 1963689
112 149 1963653
112 113 1963653
131 144 1963435
112 24 1963245
112 149 1963245
112 149 1963228
112 113 1963228
149 112 1963104
58 0 1963015
58 3 1963015
149 112 1962988
17 6 1962986
139 79 1962974
17 139 1962938
1 21 1960569
1 21 1960473
149 112 1960188
149 78 1960188
149 109 1960188
149 24 1960188
112 24 1960149
112 113 1960149
112 149 1960149
112 149 1960135
112 113 1960096
112 113 1960089
9 18 1960077
9 12 1960077
9 17 1960077
9 139 1960077
9 20 1960077
9 19 1960077
9 33 1960077
112 113 1960060
61 73 1959976
58 0 1959926
58 3 1959926
85 120 1959902
113 112 1959878
149 24 1959736
149 87 1959736
149 112 1959736
149 109 1959736
149 78 1959736
85 120 1959530
58 0 1959508
58 3 1959508
58 0 1959458
139 136 1959362
117 78 1957500
139 8 1957408
111 83 1957303
139 136 1957154
58 144 1957080
149 112 1956513
149 113 1956513
149 24 1956513
114 140 1953484
74 140 1951908
112 139 1940114
112 149 1939759
112 113 1939759
149 112 1939312
149 112 1939257
149 112 1939226
149 112 1939209
20 18 1939118
113 112 1939094
112 149 1939084
112 113 1939084
112 113 1938880
112 113 1938878
112 113 1938876
113 112 1938573
113 112 1938362
113 112 1936826
112 113 1936749
112 149 1936440
112 149 1936382
149 112 1936156
149 113 1936156
149 24 1936156
149 148 1936113
149 24 1936051
149 113 1936051
149 112 1936051
148 112 1935796
148 113 1935796
148 24 1935796
149 112 1935727
149 148 1935727
148 112 1935600
148 149 1935600
68 45 1935554
139 33 1935540
139 8 1935540
139 17 1935540
139 6 1935540
68 76 1935511
68 45 1935511
68 137 1935511
112 113 1935472
112 113 1935470
112 149 1935470
117 114 1935336
126 1 1935182
126 21 1935182
68 76 1935112
68 45 1935112
68 137 1935112
112 24 1933272
112 113 1933272
112 149 1933272
112 113 1933101
112 113 1933010
112 149 1932837
112 24 1932837
112 113 1932607
132 41 1932568
68 137 1932559
68 45 1932559
68 76 1932559
112 149 1932321
112 113 1932321
18 9 1932124
112 113 1931988
68 76 1931760
68 45 1931760
68 137 1931760
68 45 1931692
68 76 1931668
68 137 1931668
68 45 1931668
1 21 1928908
58 144 1928596
131 143 1922743
148 112 1922551
148 113 1922551
148 24 1922551
112 113 1922277
112 149 1922205
91 95 1921900
148 78 1921893
148 87 1921893
148 109 1921893
148 24 1921893
148 74 1921893
148 72 1921893
148 64 1921893
149 112 1921881
91 95 1921752
136 139 1921699
139 17 1919265
149 112 1919210
58 144 1919059
112 148 1918675
112 148 1918620
112 149 1918591
136 139 1918512
0 3 1918495
0 58 1918495
0 3 1918454
0 58 1918454
112 149 1918406
148 112 1918380
148 112 1918327
58 3 1918060
58 3 1918051
148 112 1917960
148 113 1917960
143 144 1917796
112 113 1916107
112 148 1916073
112 113 1916073
144 143 1915694
91 95 1915658
58 0 1915615
58 3 1915615
58 0 1915579
58 3 1915579
112 148 1915540
139 17 1915392
58 144 1915188
136 139 1915113
112 113 1914871
41 132 1914852
112 149 1914792
78 117 1914777
112 113 1914770
112 149 1914676
112 24 1914676
20 9 1914633
112 149 1914561
112 113 1914561
112 113 1914532
58 3 1914460
139 95 1913282
94 58 1913217
117 114 1912308
117 87 1912308
117 109 1912308
58 144 1912257
58 0 1912041
58 3 1912041
58 0 1911813
58 3 1911813
61 94 1911732
61 58 1911732
58 3 1911408
58 0 1911408
112 149 1911345
112 113 1911345
112 148 1911345
68 76 1911328
68 45 1911328
68 137 1911328
58 0 1911302
58 3 1911302
112 24 1911297
112 149 1911297
112 113 1911297
68 76 1911268
68 45 1911268
68 137 1911268
68 76 1911184
68 45 1911184
68 137 1911184
58 144 1908820
131 143 1908804
58 0 1908580
58 3 1908580
41 132 1908578
143 144 1908504
94 71 1908487
18 73 1908441
9 139 1908393
58 144 1908319
112 149 1907858
58 83 1907666
58 95 1907666
58 111 1907666
149 63 1898287
149 112 1898287
149 113 1898287
149 24 1898287
148 112 1898284
148 149 1898284
148 113 1898284
143 144 1898277
58 144 1898128
112 149 1897862
112 113 1897862
112 149 1897761
112 113 1897761
94 58 1897692
0 58 1897610
0 3 1897610
1 126 1897552
1 21 1897552
18 20 1897538
136 139 1897423
58 144 1897288
9 112 1897173
112 113 1895385
112 149 1895385
149 113 1895020
149 24 1895020
58 3 1894864
111 91 1894816
112 139 1894778
112 113 1894771
61 18 1894675
61 106 1894675
61 141 1894675
61 105 1894675
139 112 1894615
9 17 1894473
9 12 1894473
58 94 1894420
112 9 1894406
112 139 1894267
143 131 1894065
0 3 1893770
0 58 1893770
58 144 1891725
112 149 1891536
112 113 1891536
148 90 1891281
148 87 1891281
148 24 1891281
148 149 1891281
148 114 1891281
148 140 1891281
148 109 1891281
148 74 1891281
148 130 1891281
148 78 1891281
148 117 1891281
148 112 1891281
148 72 1891281
148 64 1891281
148 63 1891281
1 21 1891041
112 148 1890919
148 112 1890616
148 112 1890189
68 45 1888293
68 137 1888293
68 76 1888293
112 149 1888269
149 112 1888260
149 148 1888260
112 149 1888257
139 6 1888056
139 17 1888056
149 112 1888015
149 24 1887962
91 95 1887931
58 144 1887904
112 149 1887837
112 113 1887837
58 0 1887717
58 3 1887717
58 144 1887686
143 85 1887672
8 6 1887652
112 149 1887628
112 113 1887628
112 113 1887619
148 112 1887583
148 149 1887583
112 149 1887532
112 113 1887532
85 143 1887460
112 113 1887136
112 149 1887136
149 64 1886906
149 112 1886906
149 113 1886906
143 85 1886882
139 136 1886822
112 149 1884912
139 9 1884672
58 144 1884619
112 149 1884523
85 143 1884465
139 6 1884415
149 112 1884304
139 112 1884242
149 112 1884225
139 136 1884172
112 149 1884105
112 113 1884105
143 85 1884067
112 149 1884021
149 112 1883973
112 149 1883906
85 143 1883863
148 112 1883791
148 149 1883791
112 149 1883745
149 148 1883697
149 112 1883697
111 83 1883565
149 112 1883452
111 91 1881110
112 149 1877740
112 149 1877709
112 149 1877707
58 144 1874349
58 0 1874272
58 3 1874272
85 143 1874176
143 85 1874044
139 95 1874018
139 79 1874004
143 85 1873982
112 149 1873915
112 113 1873915
139 9 1873884
85 143 1873872
143 85 1873843
112 149 1873555
0 3 1873485
0 58 1873485
139 9 1873423
149 112 1873188
149 24 1870932
149 113 1870932
149 112 1870932
58 144 1870737
149 112 1870689
139 136 1870584
91 95 1870418
149 112 1870214
58 0 1870195
58 3 1870195
139 95 1870123
139 9 1869912
139 17 1869912
139 95 1869844
143 131 1869777
0 3 1869753
0 58 1869753
91 95 1869547
95 139 1869470
95 91 1869470
148 112 1869439
148 149 1869439
112 148 1867377
58 144 1867308
0 3 1867099
0 58 1867099
112 149 1867039
112 113 1867039
149 112 1866847
139 136 1866799
112 149 1866792
112 113 1866792
71 113 1866592
112 113 1866499
131 144 1866468
0 3 1866091
0 58 1866091
95 91 1864730
58 144 1863912
112 113 1863871
58 0 1863684
58 3 1863684
148 90 1863408
148 87 1863408
148 24 1863408
148 114 1863408
148 149 1863408
148 140 1863408
148 109 1863408
148 117 1863408
148 130 1863408
148 78 1863408
148 74 1863408
148 72 1863408
148 64 1863408
148 63 1863408
143 131 1863355
58 0 1863208
58 3 1863208
131 143 1863079
143 131 1862832
143 144 1862832
8 139 1862827
8 17 1862827
8 6 1862827
131 144 1862805
131 143 1862805
139 136 1862592
33 20 1862572
58 144 1860424
58 0 1860225
144 58 1859995
0 3 1859392
0 58 1859392
143 144 1859313
139 136 1859258
113 112 1854194
112 113 1853846
0 3 1850107
0 58 1850107
58 144 1850095
58 3 1849898
58 0 1849898
149 113 1849852
149 24 1849852
0 3 1849598
0 58 1849598
139 136 1849560
139 136 1849514
149 112 1849406
149 113 1849406
113 149 1849284
113 112 1849284
131 143 1849183
131 144 1849183
58 144 1849173
9 12 1849132
9 139 1849132
9 17 1849132
9 18 1849132
9 20 1849132
9 113 1849132
9 149 1849132
9 19 1849132
149 112 1849106
149 113 1849106
58 144 1848897
61 105 1848868
61 141 1848868
61 106 1848868
61 18 1848868
149 112 1846536
58 144 1846502
149 113 1846240
139 95 1846171
149 112 1846068
58 144 1846046
0 58 1845940
0 3 1845940
148 112 1845712
148 149 1845712
139 112 1845571
112 139 1845561
143 144 1845549
58 144 1845369
112 149 1845364
112 148 1845324
58 144 1843267
149 24 1843029
58 144 1842967
148 112 1842866
148 149 1842866
8 6 1842775
8 17 1842775
8 139 1842775
139 136 1842501
112 149 1842463
144 58 1842103
111 83 1841776
112 113 1839964
112 149 1839777
91 40 1839724
58 144 1839681
112 148 1839672
112 148 1839518
143 144 1839396
58 144 1839369
58 0 1839355
58 3 1839355
112 149 1839285
148 112 1839180
148 149 1839180
112 139 1839084
112 17 1839084
149 112 1838928
1 21 1838800
143 144 1838733
119 120 1838654
95 91 1838455
95 139 1838455
58 144 1836045
1 21 1835767
58 144 1835700
149 24 1835532
58 3 1835359
149 24 1835047
111 83 1834884
139 95 1825886
149 24 1825658
112 113 1825648
112 24 1825648
112 149 1825648
144 143 1825591
149 113 1825502
58 0 1825483
58 3 1825483
58 0 1825444
58 3 1825444
112 24 1825341
112 149 1825341
112 113 1825329
112 149 1824981
112 113 1824981
112 149 1822562
149 63 1822255
149 64 1822255
149 113 1822255
149 24 1822255
112 149 1822250
112 149 1822005
58 144 1821592
139 136 1821283
58 0 1821264
58 3 1821264
58 144 1821081
112 149 1819327
1 21 1818844
149 148 1818624
149 24 1818576
112 148 1818360
58 3 1818336
58 144 1818264
149 24 1818084
149 24 1818024
148 112 1818019
148 24 1818019
58 3 1815264
58 0 1815264
58 3 1815249
58 0 1815249
0 3 1815204
0 58 1815204
149 24 1815086
58 0 1814980
58 3 1814980
58 144 1814896
131 144 1814791
139 95 1814743
95 139 1814736
112 149 1814546
112 113 1814546
149 113 1814486
149 24 1814486
112 149 1812448
112 113 1812448
112 24 1812448
149 24 1812105
149 24 1812103
139 9 1811952
58 144 1811889
58 144 1811875
58 0 1811546
58 3 1811546
95 91 1811263
95 139 1811263
58 0 1811162
91 95 1808582
91 95 1808560
139 9 1808433
139 17 1808433
112 113 1801833
58 144 1801692
0 3 1801639
0 58 1801639
0 58 1801519
0 3 1801519
149 112 1801468
149 24 1801461
149 112 1801461
139 136 1801452
112 113 1801344
112 149 1800938
112 149 1800885
143 131 1800883
143 131 1800712
112 149 1800674
149 112 1800583
149 24 1800583
139 136 1800381
1 21 1798032
112 149 1797936
112 139 1797924
112 113 1797667
112 149 1797667
112 149 1797612
112 113 1797612
0 3 1797552
0 58 1797552
95 139 1797501
139 9 1797475
139 17 1797475
58 0 1797225
58 3 1797225
112 149 1797153
58 144 1797036
143 58 1794777
112 139 1794772
112 113 1794448
112 113 1794379
143 58 1794297
149 24 1794216
112 113 1794180
91 139 1793839
0 3 1793817
0 58 1793817
95 91 1793532
95 139 1793532
58 144 1791492
112 113 1791444
113 112 1791331
112 113 1791328
58 3 1791136
1 21 1790954
149 71 1790371
58 144 1789965
1 21 1787724
111 40 1787572
112 113 1787428
149 112 1787167
139 9 1787066
139 9 1787013
58 27 1786860
131 143 1786773
131 144 1786773
0 3 1786725
0 58 1786725
58 144 1786670
58 144 1786656
1 21 1783572
112 113 1779955
112 113 1777584
112 113 1777209
112 113 1777149
112 148 1776700
112 113 1776492
112 149 1776492
112 113 1773796
149 113 1773763
139 112 1773621
139 6 1773621
139 8 1773621
139 17 1773621
112 139 1773573
149 24 1773561
149 113 1773561
112 139 1773552
112 149 1771596
112 113 1771596
139 95 1770820
58 144 1770564
111 35 1770458
139 136 1770110
112 113 1769515
148 112 1769448
112 113 1769416
149 113 1769344
58 144 1767108
58 0 1766899
58 3 1766899
58 144 1766755
58 3 1766755
111 95 1766632
120 119 1766390
1 21 1766119
105 141 1764201
105 106 1764201
112 113 1763894
112 113 1763877
58 144 1763728
28 137 1763558
111 83 1762941
111 40 1762941
111 79 1762941
0 58 1762576
0 3 1762576
149 113 1762452
149 63 1762440
149 113 1762440
149 24 1762440
112 149 1753437
112 113 1753437
1 21 1753106
1 21 1753096
58 144 1753015
149 112 1752988
131 143 1752861
149 112 1752523
149 24 1752523
112 149 1752273
112 139 1752228
58 3 1752105
58 0 1752105
112 139 1750195
111 95 1749955
111 91 1749955
131 144 1749888
131 143 1749844
58 144 1749724
139 9 1749600
112 113 1749218
112 139 1748954
131 143 1748803
139 136 1748800
58 0 1748788
58 3 1748788
71 113 1748740
111 132 1748680
58 3 1748668
58 0 1748668
58 144 1746348
111 83 1746144
131 144 1745973
131 143 1745659
139 136 1745548
111 83 1745532
58 0 1745212
58 3 1745212
58 0 1743103
58 3 1743103
58 144 1742805
112 113 1742493
112 139 1741958
112 139 1741905
139 136 1741797
1 21 1741699
112 139 1739462
139 112 1739460
139 112 1739440
111 83 1739431
58 144 1739337
17 6 1739292
139 136 1738773
1 21 1738756
1 21 1738550
137 68 1738368
112 113 1729624
58 144 1729053
139 136 1728933
139 8 1728763
139 17 1728763
58 0 1728703
58 3 1728703
112 113 1728607
6 17 1728220
1 125 1728144
62 35 1727844
62 85 1727836
58 144 1727791
126 1 1725950
139 6 1725640
139 8 1725640
139 17 1725640
131 144 1725506
131 143 1725506
112 113 1725091
91 139 1724592
126 1 1724380
58 144 1722055
139 33 1721330
139 17 1721330
131 144 1721308
131 143 1721308
131 120 1718750
58 144 1718589
139 136 1718462
131 120 1718299
139 136 1718066
139 6 1717958
139 8 1717958
139 17 1717958
139 6 1717903
131 144 1717886
120 119 1717828
131 120 1717684
58 144 1717564
58 144 1715308
139 6 1715256
112 149 1715234
139 136 1715124
111 73 1715100
139 136 1715052
119 120 1715047
6 19 1714682
139 136 1714588
58 3 1714555
112 113 1705008
112 113 1704969
58 144 1704825
58 0 1704823
112 149 1704364
149 24 1704312
8 6 1704057
8 17 1704057
148 112 1703772
148 149 1703772
58 144 1701480
139 17 1701472
139 6 1701472
139 8 1701472
112 149 1701177
112 149 1701168
149 63 1700500
149 24 1700500
139 136 1700414
1 21 1700097
112 149 1698789
112 113 1698789
112 24 1698789
112 149 1698180
112 113 1698180
41 75 1698067
58 144 1697899
112 113 1697748
112 113 1697174
112 149 1697155
139 136 1696864
1 21 1696840
112 149 1695367
112 113 1695367
58 144 1694659
139 112 1694316
139 136 1693579
58 27 1693569
58 71 1693569
58 144 1693384
58 144 1693360
58 143 1693353
143 58 1693267
63 149 1691256
149 71 1690968
131 144 1690869
131 143 1690869
139 136 1690809
139 136 1690747
139 6 1690641
0 3 1690257
0 58 1690257
137 68 1690063
104 113 1689542
149 112 1680962
149 90 1680868
131 143 1680746
131 144 1680746
149 24 1680621
144 58 1680429
149 112 1680254
149 113 1680254
149 112 1680182
131 144 1680180
131 143 1680180
112 149 1680144
112 149 1680134
112 113 1680134
112 113 1680108
112 113 1679949
112 113 1679942
139 136 1679908
58 144 1679820
149 113 1679810
149 24 1679810
149 63 1679810
149 112 1679810
58 143 1679654
58 144 1679551
148 112 1679340
149 112 1678291
149 112 1677693
112 148 1677669
9 113 1677328
28 137 1677283
112 149 1677232
112 149 1677168
112 113 1677168
112 24 1677168
24 112 1676940
58 111 1676798
112 148 1676738
113 112 1676728
148 112 1676440
148 112 1676404
148 149 1676404
131 143 1676402
58 144 1676308
0 3 1676208
0 58 1676208
112 113 1674422
112 113 1674345
112 63 1674021
112 149 1674021
112 113 1674021
112 24 1674021
149 112 1673990
58 144 1673848
1 21 1673678
112 6 1673553
1 126 1673510
1 21 1673510
0 3 1673481
0 58 1673481
112 149 1673404
112 113 1673404
58 0 1673035
58 3 1673035
149 113 1672634
149 112 1670740
149 24 1670740
112 149 1670503
58 144 1670313
112 149 1670311
149 112 1670282
112 113 1670126
112 149 1669915
9 17 1669826
9 139 1669826
9 6 1669826
9 8 1669826
1 21 1669653
113 112 1659597
112 113 1656688
112 139 1656460
58 144 1656379
112 113 1656180
139 33 1656136
139 19 1656136
139 9 1656136
139 17 1656136
139 8 1656136
112 149 1656069
112 113 1656069
112 113 1656007
112 113 1655988
58 144 1655342
139 136 1655236
112 149 1653648
112 113 1653091
112 24 1652618
125 122 1652618
125 147 1652618
112 149 1652618
125 41 1652618
125 51 1652618
139 136 1652047
1 125 1651924
41 125 1651920
139 136 1649565
149 148 1649560
149 24 1649560
149 112 1649560
58 144 1649496
1 21 1649366
1 21 1649352
144 143 1649284
139 136 1649104
112 149 1649083
58 0 1649037
58 3 1649037
149 112 1648927
149 112 1648893
149 113 1648893
112 113 1648776
1 21 1648768
112 149 1648699
9 18 1648610
9 12 1648610
9 139 1648610
9 17 1648610
9 19 1648610
9 20 1648610
9 8 1648610
9 6 1648610
9 33 1648610
139 6 1648346
139 17 1648346
149 24 1647321
149 113 1647321
149 112 1647321
139 6 1646208
139 17 1646208
58 144 1646035
112 149 1646030
112 149 1645953
112 113 1645953
1 21 1645831
149 24 1645634
149 112 1645624
149 112 1645620
112 149 1645214
112 149 1645209
112 113 1645202
91 95 1645197
58 144 1642521
58 3 1642483
58 0 1642483
1 21 1642425
139 136 1642099
139 95 1642070
139 91 1642070
139 95 1641542
137 68 1639274
137 45 1639274
58 144 1632434
113 104 1632379
113 106 1632379
1 21 1632060
1 21 1631071
1 125 1631071
58 144 1628839
139 9 1627759
1 21 1627740
58 144 1625589
131 120 1625469
131 144 1625100
131 144 1625056
64 24 1624636
58 0 1624603
58 144 1624207
131 144 1622052
68 45 1621864
68 137 1621864
68 76 1621864
148 112 1621500
148 149 1621500
58 0 1621476
149 112 1621442
58 71 1620796
58 144 1620796
111 95 1620520
149 148 1619616
149 112 1619616
149 64 1619616
58 3 1618384
1 21 1618111
131 144 1618072
8 6 1618068
8 17 1618068
58 0 1617974
58 3 1617974
111 79 1617892
111 83 1617892
131 144 1617669
58 71 1617367
58 144 1617367
131 144 1607959
131 120 1607287
131 120 1607164
131 120 1604875
58 144 1604757
58 71 1604757
58 3 1604649
58 144 1604584
58 144 1604496
58 0 1604366
58 3 1604366
149 24 1604287
149 24 1604265
149 87 1604265
139 9 1603872
139 17 1603872
120 143 1603605
58 71 1603567
58 144 1603567
120 143 1603428
112 113 1601380
58 144 1601272
58 71 1601272
58 0 1600687
149 112 1600665
149 113 1600665
58 0 1600183
58 3 1600183
58 71 1597816
58 144 1597816
58 0 1597814
58 3 1597814
58 0 1597749
58 3 1597749
58 3 1597689
131 122 1597586
8 6 1597300
8 17 1597300
58 144 1597274
58 71 1597274
58 71 1597267
58 144 1597267
32 18 1596744
0 3 1596513
0 58 1596513
131 144 1593549
112 113 1584247
139 9 1583532
61 98 1582744
139 6 1580604
139 8 1580604
139 17 1580604
58 71 1580419
58 144 1580419
1 21 1579816
131 144 1579713
1 21 1579591
112 113 1579581
112 113 1579500
58 71 1579315
58 144 1579315
58 3 1576711
111 61 1576190
112 113 1576144
6 19 1576130
139 17 1573713
111 73 1573696
58 71 1573634
58 144 1573634
111 61 1573099
58 3 1573094
58 3 1572655
131 143 1572561
131 144 1572561
58 144 1572393
58 71 1572393
112 113 1570454
58 71 1569878
58 3 1569182
71 58 1569072
58 3 1559776
58 71 1559772
58 144 1559772
58 3 1558629
58 71 1556222
58 144 1556222
62 35 1556035
62 35 1556025
17 6 1555749
17 139 1555749
139 6 1555473
139 17 1555473
58 144 1555164
62 35 1554933
111 83 1554904
58 71 1552826
58 144 1552826
6 139 1552783
58 3 1552476
9 18 1552118
9 12 1552118
9 139 1552118
9 19 1552118
9 20 1552118
9 8 1552118
9 6 1552118
58 71 1551696
58 144 1551696
111 83 1551542
139 9 1548926
58 3 1548832
144 58 1548825
58 71 1548775
58 144 1548775
58 71 1548583
58 144 1548583
143 144 1548578
143 58 1548578
58 143 1548513
58 144 1548513
58 71 1545986
58 144 1545986
58 144 1545756
143 144 1545744
143 58 1545744
8 6 1545724
8 17 1545724
144 58 1545708
144 143 1545708
58 144 1545602
58 71 1545602
58 3 1545184
58 3 1545016
9 19 1542938
9 149 1542938
9 113 1542938
9 20 1542938
9 18 1542938
9 17 1542938
9 139 1542938
9 12 1542938
131 143 1535652
131 144 1535652
58 3 1535592
1 21 1535176
58 144 1535044
58 71 1535044
1 21 1534591
58 71 1534456
58 144 1534456
1 21 1534159
8 6 1531567
8 17 1531567
1 21 1531413
1 21 1530729
58 144 1528720
58 71 1528720
139 9 1528552
139 6 1528080
139 17 1528080
139 6 1527722
139 17 1527722
111 61 1527273
58 144 1525252
58 71 1525252
58 71 1524158
58 144 1524158
58 71 1524117
58 144 1524117
149 113 1523973
1 21 1521787
1 21 1521780
58 3 1521717
58 71 1521679
58 144 1521679
1 21 1520462
58 71 1511248
58 144 1511248
131 143 1510473
139 6 1510233
139 17 1510233
1 21 1510178
139 17 1509866
139 6 1509866
139 8 1509866
139 6 1508191
139 8 1508191
139 17 1508191
137 76 1508179
58 71 1507960
58 144 1507960
139 6 1507389
139 8 1507389
139 17 1507389
95 58 1507058
58 71 1504564
58 144 1504564
9 12 1503734
9 139 1503734
9 17 1503734
9 18 1503734
9 20 1503734
9 19 1503734
58 71 1503249
58 144 1503249
58 71 1503228
58 144 1503228
111 61 1499791
111 61 1497381
149 71 1497182
149 148 1497182
149 24 1497182
112 149 1496716
1 126 1496188
111 95 1487376
111 139 1487376
58 144 1487124
58 71 1487124
58 3 1486800
58 3 1484095
144 58 1483636
58 71 1483629
58 144 1483629
131 143 1482621
131 144 1482621
58 144 1480084
58 71 1480084
139 6 1480012
139 9 1480012
139 17 1480012
91 95 1479580
139 6 1479544
139 8 1479544
139 17 1479544
131 144 1479520
91 95 1479511
58 71 1479357
58 144 1479357
131 143 1479141
112 113 1477060
112 9 1477060
112 17 1477060
112 139 1477060
58 71 1476902
58 144 1476902
58 144 1475752
58 71 1475632
58 144 1475632
139 17 1473264
111 61 1473141
111 61 1472709
58 71 1462720
58 144 1462720
58 144 1459452
58 71 1459452
58 71 1458787
58 144 1458787
131 143 1458616
131 144 1458616
139 6 1456382
139 20 1456382
139 9 1456382
139 17 1456382
131 143 1455952
111 95 1455883
58 3 1455840
58 71 1455432
58 144 1455432
91 95 1454908
1 21 1454709
58 3 1438876
144 58 1437681
58 144 1437516
58 3 1437513
58 71 1437496
58 144 1437496
1 21 1435927
1 21 1435195
62 85 1435024
131 144 1434866
131 144 1434861
144 58 1434854
58 3 1434571
58 71 1434540
58 144 1434540
58 71 1434508
58 144 1434508
111 61 1431960
58 144 1431844
144 58 1431837
58 144 1431787
58 71 1431787
58 3 1431679
139 6 1431105
139 9 1431105
139 17 1431105
58 144 1430988
58 71 1428525
58 144 1428525
131 144 1428369
137 76 1427424
1 21 1427308
58 71 1425021
58 144 1425021
1 21 1423692
58 71 1414608
58 144 1414608
131 144 1414579
131 143 1414579
1 21 1414243
58 144 1413794
58 71 1413794
139 19 1410715
139 17 1410715
1 21 1410691
58 20 1410640
20 58 1410364
58 3 1410124
58 3 1409992
131 143 1407741
58 71 1407734
58 144 1407734
58 144 1407218
58 3 1407218
58 71 1407218
58 143 1407218
139 6 1407057
139 9 1407057
139 17 1407057
139 6 1406815
131 144 1406798
131 143 1404247
131 144 1404247
104 73 1404134
58 71 1404127
58 144 1404127
58 3 1403004
58 71 1400791
58 144 1400791
1 125 1400608
58 144 1400517
139 136 1400426
9 18 1400330
9 113 1400330
58 144 1399617
58 71 1399617
113 112 1390260
113 149 1390260
131 144 1390118
131 3 1390118
131 144 1390039
112 139 1389633
111 61 1389098
58 71 1387048
58 144 1387048
112 139 1386626
58 71 1386427
131 3 1386132
58 143 1385860
58 3 1385860
58 71 1383720
58 144 1383720
58 3 1383403
58 144 1382457
58 71 1382457
112 139 1380151
58 71 1366248
58 144 1366248
58 71 1366113
58 144 1366113
58 3 1365165
58 144 1365093
58 71 1365093
58 71 1359523
58 144 1359523
58 3 1358822
131 144 1358397
58 71 1355858
58 144 1355858
131 144 1355848
58 3 1355522
131 144 1355320
1 21 1354552
58 71 1352498
58 144 1352498
1 21 1352304
1 21 1352260
58 3 1342353
58 71 1342156
58 144 1342156
58 144 1338758
58 71 1338626
58 144 1338626
58 3 1338590
58 3 1338530
58 3 1338271
62 35 1337997
131 144 1337856
58 3 1337683
58 3 1337503
58 71 1337424
58 144 1337424
139 6 1336161
131 144 1334428
58 71 1331973
58 144 1331973
58 3 1330648
144 58 1330557
58 71 1317660
58 144 1317660
139 9 1317314
1 21 1317290
58 71 1314475
58 144 1314475
58 144 1314441
131 144 1313935
131 143 1313935
131 144 1313714
1 21 1313704
58 3 1313450
9 19 1311590
9 149 1311590
9 113 1311590
9 20 1311590
9 18 1311590
9 17 1311590
9 139 1311590
9 12 1311590
58 71 1311134
58 144 1311134
139 112 1307733
58 71 1307498
58 144 1307498
58 144 1306118
58 71 1306118
111 141 1303910
58 71 1293708
58 144 1293708
139 17 1293312
131 144 1289076
139 6 1286644
139 9 1286644
139 17 1286644
139 6 1285898
139 9 1285898
139 17 1285898
1 21 1285581
58 71 1283349
58 144 1283349
62 35 1283344
62 147 1283344
62 51 1283344
131 144 1283229
131 143 1283229
40 32 1283229
139 6 1283227
139 17 1283227
139 19 1283186
58 144 1282761
1 21 1282591
58 144 1279915
58 71 1279915
139 6 1279351
139 17 1279351
139 9 1269465
58 144 1269028
144 58 1269004
58 71 1265899
58 144 1265899
58 144 1262426
58 71 1262426
58 71 1262263
58 144 1262263
1 21 1261932
58 71 1261418
58 144 1261418
9 113 1258956
58 3 1258531
58 71 1257840
58 144 1257840
112 6 1255891
112 17 1255891
112 139 1255891
1 21 1255317
58 71 1245415
58 144 1245415
58 144 1241971
58 71 1241971
1 21 1241594
58 3 1240749
58 71 1240480
58 144 1240480
1 21 1240380
58 3 1237346
58 71 1237147
58 144 1237147
62 85 1234881
62 35 1234881
1 21 1220258
149 112 1219888
149 113 1219888
3 58 1217385
1 21 1217059
131 143 1216632
58 3 1214392
58 3 1214287
58 3 1210660
1 21 1209285
3 58 1207092
58 144 1206900
58 3 1206900
144 58 1206900
1 21 1206628
1 21 1206247
1 21 1206187
1 21 1205841
58 3 1195708
131 143 1195694
131 144 1195694
144 58 1193299
61 98 1192512
61 141 1192512
3 58 1192430
58 3 1189876
131 143 1186622
131 144 1186622
139 136 1185650
139 19 1185364
131 144 1183087
131 144 1182727
139 17 1182708
131 144 1172450
3 58 1168992
3 58 1168958
41 132 1168555
139 136 1168324
3 58 1168291
131 144 1165389
111 95 1162341
111 83 1162298
131 144 1161861
3 58 1161345
139 9 1154889
112 6 1151385
112 17 1151385
112 139 1151385
139 112 1151155
139 6 1151155
139 17 1151155
139 136 1144723
111 61 1144560
131 3 1138207
3 58 1138195
139 112 1138058
112 139 1138044
1 21 1137372
61 141 1135101
58 71 1134847
58 144 1134847
139 17 1134338
58 3 1133750
139 136 1123267
58 71 1122832
58 144 1122832
139 41 1120284
139 41 1120058
58 71 1119480
58 144 1119480
111 83 1117572
139 8 1117418
139 17 1117418
111 40 1117106
1 21 1115944
1 21 1113895
58 71 1113866
58 144 1113866
1 21 1113607
139 136 1113072
58 144 1112628
58 71 1112558
58 144 1112558
139 136 1110400
139 136 1110261
1 21 1109601
58 144 1109431
58 3 1096188
58 3 1095859
58 3 1095530
58 71 1095472
58 144 1095472
58 3 1092084
139 6 1089264
139 8 1089264
139 17 1089264
58 27 1088930
58 144 1088529
58 71 1088529
1 126 1085188
58 144 1076044
58 71 1076044
58 71 1075008
58 144 1075008
58 71 1065564
58 144 1065564
58 71 1062156
58 144 1062156
58 71 1061673
58 3 1061673
1 126 1060996
58 71 1051644
58 144 1051644
139 6 1050583
139 8 1050583
58 144 1050528
58 71 1050528
58 3 1048125
122 58 1048089
1 126 1047691
139 8 1047302
58 71 1047057
58 144 1047057
58 71 1041518
58 144 1041518
139 9 1041499
139 17 1041499
139 8 1041081
1 21 1039968
58 71 1038019
58 144 1038019
58 144 1037992
58 71 1037992
59 58 1037798
58 71 1037455
58 144 1037455
139 6 1037126
139 8 1037126
139 17 1037126
58 27 1027012
58 71 1026343
58 144 1026343
1 21 1023693
139 6 1023612
139 8 1023612
139 17 1023612
58 71 1022870
58 144 1022870
58 3 1020744
139 17 1020518
139 8 1020518
9 19 1019793
9 20 1019793
9 18 1019793
9 17 1019793
9 139 1019793
9 12 1019793
58 144 1019448
58 71 1019448
58 71 1015994
58 144 1015994
1 21 1015960
21 1 1013757
58 3 1002132
71 113 999525
9 12 996314
9 139 996314
9 18 996314
9 20 996314
9 19 996314
58 71 995371
58 144 995371
139 6 995244
139 17 995244
139 6 993100
139 17 993100
1 21 991843
1 21 981789
58 71 979039
58 144 979039
58 71 975842
58 144 975842
58 144 975326
139 8 975117
58 144 974534
58 71 974534
139 17 968875
62 35 968462
58 144 967704
58 3 967704
58 71 965311
58 144 965311
58 144 954789
58 71 954789
58 3 954698
58 71 953755
58 144 953755
58 71 948048
58 144 948048
139 17 948000
62 35 944450
21 1 940200
58 144 930861
58 71 930861
41 139 929848
58 71 929608
58 144 929608
58 71 923944
58 144 923944
58 71 920404
58 144 920404
139 8 919944
149 113 919327
58 71 916956
58 144 916956
1 21 916785
1 21 916725
58 71 903160
58 144 903160
139 112 903000
141 98 902472
141 63 902472
58 3 902323
58 71 899623
58 144 899623
58 3 899548
58 144 899364
58 144 899272
71 73 896131
58 71 895430
58 144 895430
58 71 895060
58 144 895060
149 113 894919
58 143 892440
58 71 891573
58 144 891573
1 21 891564
1 21 885470
1 21 879580
1 21 879417
58 71 878971
58 144 878971
58 71 875328
58 144 875328
139 17 872124
58 3 871464
58 144 868550
58 71 868550
1 21 867640
58 71 858144
58 144 858144
58 71 854736
58 144 854736
58 3 854001
58 3 853970
1 21 851611
1 21 851529
58 71 851263
58 144 851263
58 71 850972
58 144 850972
1 21 850737
58 71 850053
58 144 850053
71 73 847634
58 144 847377
139 112 847216
94 33 846916
58 71 844468
58 144 844468
58 71 843871
58 71 834016
58 144 834016
58 144 830476
58 71 830476
1 21 830472
71 73 829706
58 71 829399
58 144 829399
139 8 827246
139 17 826576
139 17 826560
1 21 826082
58 71 823795
58 144 823795
139 6 823024
139 17 823024
1 21 809258
1 21 805824
139 6 805747
1 21 805382
1 21 805068
1 21 803601
58 71 802572
58 144 802572
1 21 802152
1 21 801933
1 21 799447
1 21 799437
1 21 798996
139 8 798888
58 3 798451
1 21 798379
1 21 798283
1 21 798225
1 21 796608
1 21 795820
1 21 795736
139 6 795710
1 21 795676
1 21 795674
1 21 795590
1 21 795576
1 21 795573
1 21 795552
1 21 795520
1 21 795516
1 21 795513
71 73 795451
1 21 795393
1 21 795194
1 21 795160
1 21 795158
1 21 795156
1 21 795153
1 21 795151
1 21 795148
1 21 795146
1 21 795144
1 21 795081
1 21 782805
1 21 781821
139 8 774314
58 71 771816
58 144 771816
58 71 761560
58 144 761560
58 71 760269
58 144 760269
58 71 757063
58 144 757063
58 71 756950
58 71 754718
58 144 754718
58 144 751116
58 71 751116
58 144 749894
71 27 749882
58 144 746664
58 71 746611
58 144 746611
1 21 746539
58 71 737229
58 144 737229
1 21 736651
58 71 733610
58 144 733610
58 71 733593
58 144 733593
149 113 733303
58 71 732590
58 144 732590
149 113 730392
149 71 730392
58 144 729993
58 144 729604
71 113 729583
149 113 729093
58 3 726744
58 144 726537
58 144 726511
58 144 726304
58 144 726292
58 3 706296
149 71 699657
149 113 699657
58 3 664324
58 3 612861
58 3 577965
58 71 560707
58 144 515047
58 71 515047
58 3 456986
58 3 446102
58 143 433101
58 131 433101
58 71 433101
58 144 433101
58 3 433101
58 3 421773
58 144 398001
58 144 391641
58 3 387324
58 3 387259
58 3 383769
58 3 383733
58 3 374040
58 3 374013
58 3 366535
58 3 339420
58 71 339268
104 141 335208
104 18 335208
58 3 324969
58 3 318297
58 71 269570
58 3 228804
58 3 198261
58 3 194368
58 85 75919
58 3 75919
58 3 73106
58 3 59558
58 3 58785
58 3 52106
58 3 35246
